1 118 27 75 2160 931 9828 84 107 165 54 52 743 598 659 510 335 747 401 9867 2
1 152 19 3222 266 9846 9826 9815 456 148 147 36 432 128 492 429 567 852 312 249 2
1 203 19 36 77 803 284 438 9828 77 75 84 296 483 296 483 2214 67 9815 2
1 62 55 460 352 494 720 98 98 66 77 173 2
1 339 101 245 435 75 461 94 88 445 397 1831 333 256 9815 2
1 411 77 1529 2591 937 1415 1147 143 66 243 1100 746 57 95 9815 2
1 62 54 27 415 1519 515 399 67 42 327 403 273 52 194 474 505 98 54 27 9815 2
1 118 52 237 33 36 427 795 487 589 674 2
1 638 97 27 354 447 129 84 101 60 82 44 482 2
1 84 6097 2212 23 724 70 156 9828 348 3989 984 1360 1375 69 1116 381 9815 2
1 1787 316 9828 27 195 96 895 112 393 739 1177 2
1 339 510 470 5638 453 277 1004 292 100 5845 83 511 6194 4097 9815 2
1 163 54 52 117 167 410 474 55 159 488 886 57 263 54 52 9815 2
1 86 44 237 68 770 146 160 9828 187 237 68 347 314 55 785 9815 2
1 62 646 328 112 147 554 9828 112 147 243 350 9815 2
1 1927 507 33 36 264 729 82 181 1177 129 296 1535 1323 100 863 817 2
1 1222 401 33 36 497 1029 1126 599 112 162 1078 1098 9815 2
1 235 19 416 363 69 68 100 135 42 233 236 68 1414 435 424 318 128 54 52 1831 333 9815 2
1 766 9815 199 187 234 1283 2893 100 414 716 67 9828 233 201 27 117 596 2507 530 24 1477 384 3232 9815 2
1 2116 9886 929 560 91 9850 9886 929 560 9815 929 560 141 160 2
1 2473 9828 1156 732 581 595 3713 234 3693 3440 88 1096 335 9815 2
1 2363 9828 376 290 316 820 1073 176 27 528 376 493 165 1169 9815 2
1 828 358 9828 612 179 33 429 60 761 2927 9828 27 188 1392 1301 173 974 585 9815 2
1 118 52 33 79 970 813 9806 390 54 793 1318 9815 2
1 317 33 79 123 9828 106 9048 6619 6287 94 158 1670 106 9856 1396 6287 94 158 1670 106 9847 876 7248 6287 94 158 837 2
1 86 418 54 19 66 224 691 57 9187 9815 2
1 1328 44 9828 54 27 506 55 19 36 288 289 173 385 9815 2
1 62 334 60 55 290 410 1013 98 176 309 9815 2
1 62 27 141 855 82 123 98 696 112 55 9815 2
1 701 2355 9828 95 309 1197 112 2230 765 137 1941 82 1144 800 9815 2
1 341 201 284 52 123 9828 1471 194 121 9867 5527 1085 1057 9815 2
1 118 52 663 738 351 675 93 107 165 902 831 107 276 9867 2
1 118 27 19 2047 3326 9815 232 75 443 218 974 106 9856 603 778 499 4758 9807 884 4111 41 1407 158 562 482 2
1 163 218 54 52 167 790 112 488 886 57 823 938 129 33 79 123 160 170 9815 2
1 1734 95 44 79 776 406 97 180 1088 9828 277 27 776 406 97 180 917 482 2
1 2008 363 68 237 65 9824 710 233 55 187 33 250 323 1209 9815 2
1 2716 593 197 57 27 19 7999 9828 1175 829 42 2567 452 112 982 36 984 1360 2
1 86 96 761 36 821 1597 128 27 75 436 538 295 9815 2
1 4759 2394 42 1834 5911 141 379 474 97 162 67 9815 2
1 86 75 750 209 2430 9828 2927 9828 4035 9828 4160 3278 3294 9828 1323 9815 2
1 235 19 1084 486 9828 42 1084 486 33 468 433 732 732 200 350 9815 2
1 426 1062 354 934 816 179 141 794 1095 42 466 966 9815 2
1 2058 94 1735 52 19 224 518 57 1976 2152 1289 657 741 979 97 77 302 57 2382 9815 2
1 62 77 803 284 95 167 204 95 44 237 117 188 1715 70 53 129 33 82 4659 495 9815 2
1 613 515 123 9828 106 899 194 478 149 173 9864 2
1 411 636 518 96 750 97 68 36 1517 918 347 560 42 66 722 438 195 201 2
1 1469 589 674 188 9828 135 19 66 121 1558 77 33 79 274 94 9815 2
1 62 2302 727 1667 328 1005 295 1022 414 60 9815 2
1 597 218 101 121 96 461 94 403 69 735 1988 384 101 1062 67 9867 2
1 163 291 93 27 75 84 269 505 93 107 67 9815 2
1 118 52 148 300 176 935 66 485 552 628 9828 101 60 272 19 481 9815 2
1 305 288 327 567 94 19 84 107 165 129 79 279 82 99 618 318 2586 9867 2
1 73 90 19 467 245 435 129 27 1158 390 9815 2
1 1270 397 67 27 181 279 982 98 8089 2115 9896 9813 1215 9815 2
1 341 201 9828 55 19 44 187 100 88 413 524 1192 1664 9828 55 422 377 9815 2
1 597 218 744 291 451 1046 96 443 1499 330 114 69 68 9815 2
1 317 75 5641 55 159 9828 348 95 44 314 471 82 55 9815 2
1 62 179 66 1275 388 100 1976 2910 817 2
1 42 263 996 863 817 75 874 736 2894 354 9828 94 2922 2483 1829 3410 1523 9815 2
1 49 0 33 790 97 420 1221 441 9867 2
1 1497 514 69 744 291 451 358 82 757 776 1077 831 607 981 1078 1552 42 422 625 2
1 203 263 19 497 681 692 128 4507 307 9811 9850 5451 75 167 9815 2
1 1349 60 27 123 106 899 146 27 167 696 234 84 236 249 2
1 1765 27 123 204 55 82 418 19 8098 9828 36 1022 2790 57 330 114 69 414 777 9815 2
1 86 123 9828 106 2438 101 121 60 44 476 249 2
1 188 703 530 795 3794 157 9806 1139 100 2714 9815 2
1 118 97 52 314 829 42 347 787 907 523 9815 2
1 2794 147 125 765 1461 1846 33 468 88 582 179 817 452 424 390 719 950 9815 2
1 555 27 181 279 36 1943 2996 545 88 367 79 515 399 9828 60 19 916 865 2
1 1626 286 57 54 52 82 1482 1829 98 563 1047 57 867 635 9815 2
1 1382 19 129 410 1013 180 77 42 572 1180 9815 2
1 411 101 121 128 377 431 93 54 52 33 79 167 82 9867 2
1 86 559 384 77 803 284 67 295 42 2137 418 36 332 599 931 2508 415 9815 2
1 2058 94 66 1190 604 685 93 44 1225 1793 97 99 1631 1938 98 332 286 9815 2
1 235 19 984 705 181 99 815 255 88 656 27 9815 2
1 5786 2940 1788 3569 4371 1273 332 639 663 533 1581 1713 926 386 9815 2
1 317 195 44 123 9828 106 9920 579 505 715 57 27 508 482 2
1 62 330 114 278 77 300 176 314 154 204 106 126 52 33 79 19 77 273 537 57 27 249 2
1 86 1005 60 290 327 107 2423 165 27 143 290 1250 801 1589 103 1589 516 97 257 201 9815 2
1 62 233 107 9045 75 245 503 147 895 852 598 3317 808 67 9828 589 674 201 785 9815 2
1 118 52 117 1500 661 566 385 42 328 385 84 162 121 60 9815 2
1 426 60 33 463 19 236 4245 33 1507 5646 9867 2
1 86 181 99 154 855 233 9807 216 162 67 9815 2
1 235 19 66 121 95 75 123 9815 235 19 99 2039 678 57 95 9815 2
1 440 68 33 79 154 1254 1035 75 82 856 94 224 507 1690 9815 2
1 118 52 449 308 159 914 789 934 1662 55 75 910 393 140 66 200 5748 2
1 469 496 2407 57 1447 9828 2340 3170 9814 1008 9806 19 36 1275 518 181 358 112 1813 416 67 2
1 440 68 383 167 112 99 272 128 27 1124 123 135 9815 2
1 3528 9886 2653 57 1486 1506 9815 2198 715 9886 2653 57 1486 1506 9815 2
1 118 52 167 82 1908 719 57 55 9828 733 673 645 42 160 149 173 9815 2
1 192 923 2330 19 125 88 69 1306 471 1092 176 255 88 1245 667 1021 907 523 9815 2
1 525 229 369 179 27 147 135 9828 27 75 146 204 9886 106 899 147 140 1385 642 9815 2
1 423 187 982 640 441 9828 128 277 19 180 1339 9815 2
1 423 117 429 195 194 55 348 95 44 245 503 9815 2
1 701 354 467 67 453 277 36 99 1078 410 1013 302 712 1278 42 181 9815 2
1 456 52 123 9828 106 3756 316 19 33 9815 1187 290 57 55 82 393 140 335 55 82 757 776 9815 2
1 555 27 2467 528 376 149 121 9828 1558 67 96 422 94 528 376 172 121 27 2467 9815 2
1 315 125 1723 1049 218 598 657 825 388 565 200 97 54 52 1601 2424 9815 2
1 379 602 1716 9815 118 148 197 948 384 9815 2
1 232 44 79 318 412 159 66 121 68 478 9815 2
1 62 415 296 19 737 392 9828 342 4148 9910 9906 9921 9878 9815 702 5024 383 272 481 1459 9815 2
1 339 732 77 380 697 93 893 1208 975 3720 263 57 95 9815 2
1 199 1630 147 1238 265 200 369 9828 1203 450 233 68 44 443 218 167 9815 2
1 42 27 146 27 229 682 36 243 1685 583 503 777 197 129 825 1885 183 308 57 95 9815 2
1 1011 123 9828 106 2361 19 172 128 1339 148 123 147 9815 235 19 172 128 419 237 249 2
1 1614 2145 33 79 1478 1071 52 101 60 403 54 52 693 180 509 476 1909 9815 2
1 199 1612 474 9828 450 181 94 9828 183 415 1519 67 44 117 19 362 9815 2
1 423 429 237 117 1354 6964 183 274 94 681 903 98 2587 269 1143 84 121 9815 2
1 62 9828 209 135 9828 69 68 154 3714 9815 2
1 2356 354 447 67 433 200 33 141 160 1220 509 9815 2
1 2911 352 859 1536 179 588 556 2306 438 44 443 218 82 859 9815 2
1 769 233 9828 272 94 128 123 9828 36 137 306 950 19 33 181 9815 2
1 871 27 19 9828 616 443 930 129 757 172 2790 67 9867 2
1 597 218 54 52 96 188 296 36 1320 718 644 19 173 533 9815 2
1 235 19 66 2782 866 1952 367 351 57 69 436 234 128 54 27 386 365 9815 2
1 163 9828 140 141 930 350 9828 69 243 668 197 75 146 204 101 60 19 44 79 461 94 2
1 86 33 125 5871 9828 592 5871 9828 725 5871 9815 456 194 443 868 482 2
1 62 55 82 750 9828 93 54 52 96 154 1852 785 9828 450 66 1275 388 285 9906 141 3233 3389 9815 2
1 1292 1084 486 57 54 52 9828 905 44 117 3448 865 9828 84 54 52 802 249 2
1 1018 9815 86 146 8547 33 79 84 82 9815 2
1 3366 467 67 9828 27 752 943 44 117 322 224 125 77 84 216 9815 2
1 440 686 1424 678 424 322 229 245 503 170 9815 2
1 613 52 1283 1278 787 509 4299 2423 24 9860 9815 2
1 109 9919 3107 292 33 342 683 842 1023 204 55 181 99 237 100 292 882 9520 2
1 317 82 443 831 450 66 77 75 234 1663 1321 9815 2
1 118 27 559 97 95 141 160 187 708 9828 42 54 27 44 443 218 1937 95 9815 2
1 62 949 2588 566 403 68 97 204 257 296 925 1134 9815 2
1 1131 382 718 93 201 9815 232 308 159 176 27 718 67 9815 2
1 465 245 872 66 495 6296 7955 67 9815 2
1 756 236 129 1403 690 1582 33 79 678 1474 681 903 128 44 237 1143 1795 497 9815 2
1 828 358 55 44 1630 445 160 826 487 9815 2
1 152 278 224 691 302 209 107 276 9815 2
1 522 107 248 660 218 69 68 112 195 492 3238 508 9815 2
1 3644 274 224 216 423 117 19 36 1284 784 589 2234 9815 2
1 423 9828 44 9828 42 403 27 194 27 33 79 123 9828 106 899 19 36 1539 842 388 249 2
1 1074 722 587 96 82 377 94 88 36 388 771 2271 2255 398 1078 5918 9867 2
1 62 60 19 351 309 681 685 255 57 3842 9828 476 201 9815 2
1 62 27 146 204 55 181 99 1210 410 66 121 54 52 148 123 100 135 9815 2
1 86 75 146 9886 106 2655 96 123 112 172 666 249 2
1 232 187 237 408 314 94 36 99 272 326 19 68 75 44 878 167 9815 2
1 118 84 27 290 1681 204 27 44 167 121 514 9815 2
1 2257 180 57 68 96 681 393 98 1791 785 249 2
1 3952 1307 3359 9804 123 9828 106 899 75 33 493 141 1078 290 318 9815 2
1 86 750 692 1718 9828 27 84 737 1341 545 1126 66 607 1242 2
1 3468 93 125 172 1523 348 272 94 187 33 125 890 9815 2
1 2914 1738 67 291 224 100 66 1001 1625 9815 2
1 411 493 93 107 9828 27 437 93 2512 9910 9824 110 9910 9806 946 9828 2
1 3009 2635 6555 5434 9886 2856 365 290 316 129 106 7201 106 7218 2
1 1568 9828 449 146 112 445 397 820 547 1030 36 590 9815 2
1 315 384 101 128 27 75 197 82 88 200 390 9815 2
1 86 82 3601 1697 129 84 451 1046 9815 2
1 1968 84 737 1993 511 116 9895 898 511 75 507 19 36 1278 535 388 2
1 86 96 727 1667 123 112 36 427 737 9815 2
1 756 107 165 129 1251 1302 882 286 57 592 914 180 77 9867 2
1 2016 1189 67 605 19 106 9934 9811 170 114 1822 3432 837 2
1 3589 9811 6589 2951 1079 9886 86 75 322 224 1096 536 805 93 107 165 2
1 2116 9886 49 869 357 9828 27 146 840 921 596 97 54 27 36 183 308 7778 141 173 472 501 2
1 62 100 7712 9828 2581 9016 9828 33 36 77 581 595 994 173 472 605 19 5973 2126 4074 6397 9815 2
1 769 233 181 358 19 55 933 655 277 1044 170 351 648 547 176 9815 2
1 897 19 1901 1387 9815 203 19 36 88 66 1754 1534 1030 1517 1543 9815 2
1 163 27 123 98 696 112 160 331 264 9815 2
1 101 60 97 68 154 82 160 1029 269 367 927 1369 42 1064 2279 2
1 2047 9828 54 52 117 506 101 67 93 107 165 9867 2
1 3593 627 67 605 19 106 5203 583 669 249 2
1 1495 9828 660 218 485 966 520 792 3250 1832 170 9815 2
1 554 9886 41 226 6 9884 1921 7104 2
1 118 52 237 856 987 44 447 97 488 505 42 474 505 9815 2
1 1502 336 255 129 2923 1410 55 19 86 856 987 229 27 1004 292 9815 2
1 1514 767 1060 1154 54 27 82 1715 274 129 454 519 331 264 9815 2
1 91 9947 2004 210 876 9824 3516 567 69 2123 441 97 107 276 2
1 1328 33 680 263 846 170 9828 2512 9487 687 2
1 235 330 316 19 100 4515 9815 2
1 305 52 33 79 422 625 147 508 9867 1106 36 730 326 785 350 27 96 1195 2
1 1928 176 9828 286 88 36 485 552 1474 272 481 2
1 232 44 107 123 112 162 33 180 96 419 589 93 107 165 9815 2
1 611 107 276 364 668 54 27 308 295 468 3263 9815 2
1 199 437 93 19 1858 694 382 291 201 9815 2
1 2875 128 33 36 3388 6785 6983 4259 542 1959 9818 248 880 336 170 326 1711 9867 2
1 199 461 147 427 651 420 9828 42 55 461 147 98 27 9815 2
1 2034 123 9886 1822 266 374 19 36 88 66 819 561 713 255 57 1923 535 9815 2
1 3584 1744 149 384 60 19 453 277 160 162 129 84 9815 2
1 118 2778 663 9828 1521 1745 97 890 1724 9815 2
1 862 1534 123 106 9804 9822 44 272 99 1303 342 9864 2
1 246 169 19 1968 1883 525 276 57 2209 1356 9815 2
1 2386 414 33 79 327 77 173 112 924 379 9828 924 1912 9828 924 379 367 351 57 95 9815 2
1 522 68 100 88 36 1219 243 9828 68 33 79 489 2098 396 2
1 62 68 167 44 9867 199 224 216 9815 2
1 1458 441 9828 112 36 273 1300 229 19 5118 4812 2103 844 9842 9815 2
1 315 1632 2302 2495 6037 3652 42 66 10 251 3396 2324 470 9815 2
1 235 19 66 121 216 536 596 147 9886 367 452 9828 739 430 9828 99 290 363 9815 2
1 2363 9828 36 137 88 69 68 75 507 478 112 55 9815 2935 652 9815 2
1 317 195 1337 2307 1023 9828 42 743 385 9815 3056 561 141 466 1414 9815 2
1 62 54 27 237 66 1275 388 112 1285 925 2134 147 129 718 708 42 1289 416 95 249 2
1 62 27 117 123 204 9828 69 68 167 540 9828 204 272 19 855 179 82 147 135 9815 2
1 1674 635 359 383 422 625 826 5626 9815 2
1 3842 2722 3791 2450 9886 701 236 332 2100 639 352 556 148 1129 1217 9815 2
1 1890 93 1596 1353 1206 369 57 27 256 1711 9815 2
1 339 101 245 435 19 505 269 57 69 1471 1412 634 9828 93 19 1471 116 9894 9921 9910 9894 9815 2
1 2047 9828 129 27 123 97 68 7439 9828 33 36 427 318 336 9815 2
1 163 27 44 2727 35 9929 112 351 1972 57 257 326 9815 2
1 423 117 291 32 714 4906 508 1169 9941 377 431 272 540 9815 2
1 7638 2078 9827 9886 7342 784 33 79 830 52 117 750 143 431 416 2
1 766 9828 60 19 450 233 33 900 93 68 44 84 121 88 179 68 148 1098 9815 2
1 613 803 284 3287 861 9886 3874 890 556 67 9828 1709 94 176 441 9815 2
1 1370 84 97 429 9867 1370 84 866 533 237 436 97 903 1462 9815 2
1 2008 363 19 233 278 77 429 429 195 383 19 36 1275 388 112 314 471 9815 2
1 7760 1078 1462 248 398 5887 14 1269 9815 423 9815 3371 350 9815 2
1 91 9875 288 1750 1272 33 1961 9909 1049 69 2131 367 924 88 345 1471 57 54 9815 2
1 1787 316 19 68 117 1009 94 36 509 276 1037 443 831 352 1614 2145 9815 2
1 440 68 1456 167 141 160 112 54 2
1 27 347 314 101 67 140 334 2204 42 415 296 19 100 612 3073 9828 42 27 44 79 1798 2
1 1626 286 96 322 229 93 107 165 403 77 666 181 99 286 328 98 68 9867 2
1 5825 109 2732 4111 19 36 88 66 77 2157 4409 255 128 27 507 682 9815 2
1 62 160 179 68 408 154 107 67 9815 2
1 106 2216 27 1670 398 476 748 654 170 19 106 6706 27 135 106 20 9823 19 54 52 123 88 571 456 2
1 163 334 60 284 256 976 731 36 493 326 9828 210 1394 6839 1528 9815 2
1 163 101 60 44 187 33 463 19 77 3000 33 667 1021 336 170 77 456 9815 2
1 3264 316 9828 141 141 160 599 234 140 1661 9815 2
1 839 67 248 994 466 9815 62 1160 1592 33 69 1481 1692 9815 2
1 2575 264 200 334 19 1144 377 9815 2
1 118 52 383 237 117 588 875 42 82 588 875 88 332 286 9815 2
1 4158 1521 1745 9886 458 9825 1523 9936 3248 680 257 117 883 82 905 9936 2
1 5500 9811 2650 39 884 9886 701 236 229 245 503 147 663 697 1655 2
1 411 648 547 302 67 685 98 1368 729 476 9815 2
1 118 52 33 79 197 327 160 101 140 54 9815 2
1 1769 1170 112 1634 274 94 36 510 302 77 1240 1508 1384 112 359 210 1394 3773 2
1 62 33 114 1047 1128 3696 1798 2930 9815 2
1 597 218 331 264 98 744 291 67 60 19 55 44 1850 1888 209 352 556 9815 2
1 1933 57 954 585 19 106 9876 214 636 44 811 3249 9886 7070 1206 2137 418 290 363 9864 2
1 845 635 359 27 9828 60 19 159 200 9160 2
1 203 187 19 36 291 392 561 1952 57 101 60 9815 2
1 871 27 19 9828 443 5697 97 167 106 9812 760 1160 2258 552 234 2305 9864 2
1 62 4 349 396 98 1304 744 291 67 36 590 9815 2
1 62 181 107 54 187 443 3997 2229 99 1062 2
1 62 97 1070 67 9828 27 194 711 68 478 288 289 2
1 4760 1376 373 66 377 431 33 941 852 42 5012 398 2176 9828 248 33 967 852 9815 2
1 339 77 648 970 342 36 88 69 396 334 9886 1017 914 4980 36 978 9815 2
1 522 68 84 162 257 588 379 36 218 2818 727 93 592 932 201 2
1 62 350 284 123 9828 106 7019 135 840 96 415 879 84 100 243 396 1990 5651 2253 905 482 2
1 106 899 154 1828 179 1879 106 2216 11 9830 300 176 57 288 327 2
1 339 1038 437 470 587 96 302 295 224 36 890 620 302 476 44 9867 2
1 118 52 229 84 121 129 355 333 101 67 9828 42 410 495 96 19 121 9867 2
1 163 453 277 141 160 677 269 431 173 75 44 82 539 1010 2894 354 9815 2
1 339 137 173 1115 140 3251 639 1273 9815 2
1 315 117 68 148 675 1302 9867 1328 68 187 19 4410 1242 128 785 9867 2
1 329 814 27 9828 27 1364 323 412 67 811 794 9815 2
1 210 371 1403 617 345 362 67 19 546 621 367 351 183 128 54 52 84 162 9815 2
1 419 256 3672 295 106 9894 9913 511 3118 5298 2199 1419 2
1 62 55 195 33 79 19 125 697 79 2497 42 296 416 842 9828 99 528 781 9815 2
1 86 146 775 451 358 237 3923 3599 6810 68 123 9815 2
1 109 4575 1541 1633 94 42 377 94 36 8 9846 1492 2452 328 160 430 510 9815 2
1 701 457 3446 9828 95 2900 1509 42 1724 890 9815 2
1 597 218 248 278 162 75 355 333 9815 118 52 33 66 485 552 970 1377 635 359 2
1 118 52 44 79 84 97 392 849 1736 997 209 69 331 264 67 9815 2
1 86 75 100 779 1808 328 66 180 697 67 9815 2
1 203 19 125 459 589 2704 9828 715 386 9828 125 200 393 140 660 218 9815 2
1 163 350 873 1552 300 176 159 200 1967 2829 2
1 62 66 332 1654 216 1852 67 33 79 44 187 1195 143 88 44 447 1278 9815 2
1 118 52 117 539 1010 1523 209 1243 463 67 9815 2
1 465 146 147 2302 1811 1463 1774 9815 2
1 1502 67 811 794 181 3673 348 44 6031 3704 97 1019 9815 2
1 305 54 52 33 79 123 121 112 331 264 601 608 100 8157 9867 2
1 1910 955 609 9811 9828 263 19 536 535 9815 2
1 465 661 36 755 223 685 135 57 332 599 931 112 216 416 9815 2
1 766 60 495 19 36 1082 693 466 966 9815 2
1 555 27 188 197 9828 27 33 36 1204 1157 9815 2
1 86 146 60 19 36 99 355 333 302 170 9815 2
1 339 2516 636 147 42 559 27 36 2069 1145 9815 2
1 3536 723 9828 761 997 112 1320 997 160 170 9815 232 19 36 377 431 33 716 424 669 9815 2
1 199 96 901 94 160 42 160 170 326 66 1475 1129 112 468 700 452 9815 2
1 118 27 296 334 60 9815 426 121 75 461 94 9867 2
1 3156 805 645 1392 780 721 27 9828 284 327 9828 106 887 9870 453 492 123 121 98 1339 236 482 2
1 315 416 931 388 88 720 931 342 683 9815 2
1 62 33 101 121 60 100 88 263 52 995 723 99 506 167 57 54 52 2
1 3062 1940 755 42 69 68 9828 27 949 1195 1852 170 391 382 9815 2
1 638 19 77 646 328 1315 976 677 3053 67 9828 36 803 88 582 958 547 9815 2
1 62 27 82 478 711 288 289 67 88 1072 1794 57 69 14 9819 2489 9815 2
1 1576 114 100 3209 499 1818 9828 68 96 44 408 154 82 1702 3769 429 4071 100 1033 1069 9815 2
1 1107 99 735 1988 60 9828 775 601 608 792 644 336 88 162 784 625 451 358 9815 2
1 597 218 27 195 148 84 162 98 1246 684 9910 2792 9815 2
1 2101 4046 1308 9886 885 2506 1845 538 415 140 1255 1035 2
1 62 801 60 437 93 84 1721 351 675 369 9828 129 334 60 273 33 79 373 2
1 232 622 146 204 257 33 806 2405 1579 188 107 276 2
1 86 44 167 9815 86 44 318 159 101 67 9815 2
1 2184 1090 27 229 123 19 180 1088 57 27 19 336 255 9815 42 336 170 180 172 57 69 68 9815 2
1 7341 1209 112 667 1021 675 79 195 82 382 463 36 183 1078 1851 9815 2
1 62 135 19 607 820 1073 209 181 358 57 27 9815 2
1 203 19 643 291 963 454 1465 128 54 27 1831 2275 159 200 1833 9828 200 8985 2
1 423 117 1391 295 352 556 44 19 36 331 264 302 9815 2
1 782 60 392 849 57 617 459 460 352 616 188 2
1 961 1940 414 380 826 487 88 36 354 447 824 9815 2
1 1855 497 9828 123 982 9828 19 793 234 859 1536 373 523 323 785 9815 2
1 756 107 165 128 278 162 143 461 94 93 107 82 9867 2
1 106 7210 1515 926 107 276 42 328 33 160 180 249 2
1 315 680 160 77 88 137 69 68 75 489 36 137 953 430 488 290 93 107 67 9815 2
1 851 27 300 176 520 2888 140 552 181 627 88 69 4287 1193 9815 2
1 62 55 272 1884 33 9828 233 54 52 492 443 218 181 99 308 154 36 345 662 9815 2
1 86 146 204 54 52 383 167 204 107 276 335 401 19 906 66 1942 1354 2
1 2933 19 36 1287 1446 79 181 659 143 160 170 1210 137 69 224 378 9815 9808 551 143 9815 2
1 1106 1238 765 77 601 626 8488 42 1140 765 77 2460 3860 318 204 1517 2038 57 95 33 323 463 9815 2
1 522 68 408 94 373 218 27 75 506 373 2
1 118 52 33 79 300 176 33 82 99 410 2567 9828 42 300 176 1045 459 2378 2251 140 545 88 9815 2
1 3013 384 732 77 322 224 601 2053 1353 9815 2
1 86 336 857 593 197 100 1816 428 6196 3105 42 188 197 572 197 9815 2
1 199 19 112 99 279 35 111 128 95 596 147 97 332 123 289 9815 2
1 341 984 1360 263 57 54 27 9828 330 316 42 433 176 19 44 901 1119 971 2
1 86 466 1798 9815 86 920 9807 295 129 661 44 783 9815 2
1 834 135 27 486 505 681 692 9828 201 229 27 154 82 667 713 57 681 692 9815 2
1 49 1818 4577 109 562 9933 9886 2856 365 323 767 1275 388 93 107 165 373 42 179 165 248 44 2
1 456 256 1115 1588 2359 9828 97 27 380 172 60 9815 2
1 199 187 19 36 4180 358 835 9815 232 506 82 1517 3182 57 257 9815 2
1 86 98 36 77 25 186 9837 9828 68 1088 27 9828 273 52 1296 9815 2
1 232 33 79 274 69 1664 628 1747 1747 42 1013 415 97 66 722 438 386 365 9815 2
1 114 66 121 77 52 33 19 359 13 126 3424 9938 9827 109 1214 9828 33 1630 592 765 3021 9815 2
1 315 36 621 79 57 1471 67 88 66 77 583 472 9815 2
1 235 19 183 128 36 396 101 919 709 269 9828 476 44 9867 2
1 1568 9828 135 19 288 500 483 57 77 642 42 57 77 1660 1776 2
1 199 933 655 44 878 437 93 3337 1253 9815 2
1 86 347 154 1077 831 257 93 33 66 180 4866 566 1470 2587 24 516 9815 2
1 62 33 36 224 378 112 99 927 1369 9828 60 19 106 899 194 641 1400 68 249 2
1 555 68 5896 216 1220 248 1476 195 1573 9815 2
1 315 160 1233 604 9815 315 573 9815 315 806 634 263 657 9815 2
1 1674 384 383 33 445 160 354 447 88 566 348 44 33 160 573 9815 2
1 86 75 147 140 141 850 129 682 69 68 93 107 67 9815 2
1 86 100 612 60 9941 27 154 2159 52 645 143 9828 645 295 209 9828 780 779 27 9815 2
1 235 19 36 288 327 618 598 114 732 4490 9828 117 44 9867 2
1 1309 5528 4083 1510 2853 313 88 582 2333 312 192 1101 778 2388 148 526 88 2698 7447 100 4453 9815 2
1 1096 378 911 2592 2118 33 79 621 616 369 200 5751 450 233 99 1391 295 57 867 635 9815 2
1 1254 1622 75 33 79 422 625 700 452 369 179 95 422 625 451 358 9815 2
1 597 218 19 467 2677 1982 57 331 264 9815 2
1 62 66 121 68 33 82 19 36 902 1692 3228 553 985 811 148 526 94 2
1 305 248 292 236 54 52 622 33 33 347 787 19 54 52 148 476 9867 2
1 3018 1196 1812 57 99 286 545 88 485 6 1183 603 67 19 443 868 9867 2
1 456 52 123 9886 106 1355 9828 86 229 123 289 944 9864 2
1 42 172 323 412 112 245 413 712 36 77 98 216 162 355 333 94 9806 679 160 2
1 86 84 162 67 93 19 36 958 547 112 5626 916 9815 2
1 665 2043 3208 19 36 193 1395 9814 280 777 451 9815 2
1 828 94 891 256 2036 915 121 272 99 9828 1262 1388 36 427 137 487 2
1 1644 200 9280 1243 585 67 33 27 9815 2
1 118 52 761 2568 1774 9828 42 347 154 519 382 96 520 121 2
1 315 680 27 194 318 159 288 289 256 9815 2
1 86 123 106 9847 2754 9828 84 560 188 9815 456 148 553 29 240 2433 88 67 9815 961 273 1656 36 493 9864 2
1 232 33 79 412 561 771 872 1229 1615 422 443 530 1325 9867 2
1 1034 137 60 1418 816 137 140 128 565 54 52 123 88 1016 656 257 9815 2
1 555 27 478 55 420 176 441 9828 27 4419 514 114 257 9815 2
1 440 68 167 540 9828 54 52 33 216 536 2
1 315 36 77 605 19 4275 285 844 4095 9828 2706 4275 285 844 4095 9815 2
1 86 123 9886 106 1406 59 200 369 721 1199 541 681 431 57 180 2
1 203 19 36 643 392 27 921 362 1694 209 1152 1263 1448 2552 9828 2
1 845 60 9828 1153 377 700 452 9828 99 422 625 57 700 452 143 188 369 422 625 451 358 9815 2
1 305 66 77 67 141 589 674 9828 33 3975 783 129 19 77 44 460 1483 9815 2
1 163 27 96 97 69 68 154 36 149 2157 4409 170 9815 2
1 207 9828 69 68 685 500 483 476 342 1823 749 749 2
1 6599 64 517 1430 4790 2103 9820 6195 9886 4048 347 1233 36 332 286 919 1076 2
1 62 314 471 57 54 52 195 355 333 9815 2
1 62 459 94 187 33 36 183 815 255 129 639 1221 98 36 1067 2143 713 170 160 9815 2
1 199 33 79 19 36 88 66 801 602 1554 1828 1094 2354 60 128 68 33 79 314 94 9815 2
1 62 52 33 125 755 223 140 545 812 1688 1230 2614 9815 2
1 42 69 767 471 42 1813 416 1087 2565 75 827 27 88 1016 457 397 9815 2
1 317 44 33 790 69 431 892 9815 129 762 531 112 1471 36 183 906 790 936 934 9815 2
1 426 67 44 474 416 9828 42 181 99 44 1153 352 9815 2
1 440 68 234 1823 749 749 743 1217 2
1 6574 209 628 981 1689 1738 9828 44 1715 274 9828 44 77 833 331 9828 44 237 27 9815 2
1 118 27 300 176 2336 66 1022 243 348 727 1667 2336 1742 2866 9815 2
1 37 9828 55 437 98 2329 706 88 681 692 9815 2
1 317 583 931 112 263 657 9828 95 295 571 1147 143 66 1044 850 88 817 452 9815 2
1 199 19 36 216 397 536 535 9828 36 216 397 767 1060 9815 2
1 1979 655 302 1418 7138 420 7514 3725 9815 2
1 62 27 167 257 1124 234 17 214 1710 367 1192 9815 2
1 199 181 94 143 19 24 313 3110 9828 1588 5282 9828 29 9818 1031 9814 42 9778 9815 2
1 440 68 96 33 504 718 140 541 369 354 1037 1265 932 403 735 98 69 68 100 135 9815 2
1 9675 2650 4755 1381 9815 2
1 203 19 36 509 4299 234 541 2210 88 109 1786 9938 9827 9362 283 9815 2
1 555 54 27 761 7736 2217 118 27 44 878 146 380 54 27 96 188 296 718 165 9815 2
1 62 69 515 399 420 3980 2269 159 9815 2
1 62 449 308 380 9828 880 160 77 825 388 9828 880 730 2193 2178 9815 2
1 203 19 36 762 531 373 44 79 915 82 9815 2
1 86 33 79 123 97 68 167 68 33 903 981 459 589 476 1037 44 2
1 305 9828 892 137 982 57 421 907 523 209 19 121 9867 2
1 62 352 345 954 585 67 9828 55 44 187 970 209 5879 9815 2
1 769 233 55 19 44 790 129 497 188 36 243 1127 719 9828 804 1067 1470 806 804 1067 1100 746 9815 2
1 329 9813 9924 877 246 1731 119 3288 1185 542 9811 39 664 9826 1672 9886 465 328 123 112 66 101 865 16 9870 57 162 84 1176 721 2
1 3433 216 342 9867 766 9815 1826 1020 19 36 331 264 112 595 806 9815 2
1 3421 9747 268 9886 231 807 2697 621 333 291 829 2
1 3882 291 67 362 33 685 135 55 995 723 69 607 649 57 981 197 2711 3045 9815 2
1 2182 495 19 36 137 420 9828 68 117 1937 66 77 438 129 95 750 1242 9815 2
1 1827 60 19 66 681 903 57 485 564 664 2293 9815 2
1 3855 7783 483 38 9905 9813 6 2629 180 77 148 617 147 639 1221 98 257 9815 2
1 4253 2644 2115 9890 90 1189 106 9872 262 1189 112 791 1680 9864 2
1 555 1823 438 2336 9828 60 96 19 36 951 547 2
1 118 52 146 204 803 284 33 79 84 82 330 9828 33 216 162 42 180 172 9815 2
1 118 52 148 3455 3185 1319 585 2274 435 9815 2
1 62 288 500 483 19 9886 315 905 9828 101 60 19 33 79 9815 2
1 203 19 100 1393 653 41 1818 2968 9828 27 148 915 1795 130 9807 233 27 141 379 1795 130 9807 9815 2
1 701 354 467 60 9828 55 187 19 99 6878 295 57 36 323 412 9815 2
1 62 36 497 291 692 362 94 656 9815 2
1 118 27 195 44 752 9828 348 167 84 236 82 9867 2
1 1222 401 9828 54 27 75 33 1140 938 924 9815 2
1 118 52 154 44 1917 1472 98 99 2021 4889 9815 2
1 86 935 36 707 627 97 36 653 406 44 194 55 9828 348 234 1441 117 915 9815 2
1 62 162 60 559 27 147 1275 264 176 441 88 250 1461 931 57 106 9856 570 91 124 3432 9864 2
1 62 60 19 101 481 98 112 396 392 9815 2
1 86 75 33 3385 848 369 4398 57 1219 930 2147 60 9815 2
1 118 148 1115 36 2277 1797 3670 481 652 147 528 794 1708 1376 165 379 55 9815 2
1 163 27 33 36 137 1770 323 9828 42 135 19 1770 323 57 27 9815 2
1 611 985 1573 27 75 322 224 125 378 57 432 67 9815 2
1 1577 181 358 9828 410 495 176 441 75 84 27 141 9828 141 9828 141 1129 836 9815 2
1 341 201 27 873 55 1392 942 748 128 68 33 79 506 9815 2
1 42 27 146 660 218 263 19 493 621 55 224 1312 9815 1036 2393 560 9815 2
1 42 433 911 77 3074 94 809 4030 2414 9815 2
1 1224 19 33 36 137 77 520 336 170 66 77 173 9815 2
1 86 19 36 77 2191 974 9828 36 1100 715 974 140 626 89 8628 89 97 312 8045 1307 5990 9815 2
1 426 67 44 336 97 69 775 451 358 42 69 224 691 9815 2
1 86 195 300 176 1005 3702 420 176 441 88 656 100 5755 9815 2
1 871 27 19 9828 95 75 44 523 323 98 385 373 60 44 117 19 331 264 9815 2
1 1855 1424 9828 403 68 146 312 1795 3261 248 27 44 33 54 209 77 508 9815 2
1 73 90 44 117 19 36 288 123 1376 2138 9941 199 33 416 680 9815 2
1 62 388 959 42 1963 68 57 27 75 2567 1794 143 60 129 478 27 526 842 9815 2
1 62 60 19 99 1146 1051 57 775 451 358 128 54 52 75 274 229 9815 2
1 42 172 598 57 99 1537 143 19 445 1924 147 1332 68 33 79 793 1318 140 541 55 2
1 232 44 79 743 916 350 970 112 1207 117 9815 2
1 701 236 44 117 19 330 114 54 52 383 33 36 192 2637 5 562 9807 209 1953 964 57 257 9867 2
1 6088 5823 6465 4498 248 173 9815 2
1 199 117 693 1629 159 984 705 342 183 386 365 36 925 566 1278 2
1 1514 172 121 1711 9867 203 263 19 3029 6894 75 82 546 224 2031 9815 2
1 73 144 204 140 36 147 318 9910 3933 9910 64 9825 9910 9814 196 248 27 272 99 445 4410 1242 9815 2
1 305 292 236 445 397 314 471 88 1599 742 835 2348 67 143 1134 365 9867 2
1 411 1488 33 393 183 67 96 84 573 264 97 66 1488 128 167 424 347 2
1 86 44 123 19 1261 97 438 194 84 950 1154 9815 2
1 341 107 9828 27 84 330 114 66 121 33 79 328 98 66 377 518 9815 2
1 62 336 170 514 125 890 44 229 1521 1745 140 263 1038 1745 57 55 9815 2
1 86 96 559 55 97 68 9828 4365 9828 380 1169 9815 2
1 440 367 209 2928 419 256 3654 94 179 419 256 4415 468 93 107 67 9815 2
1 62 101 149 384 60 19 278 77 1696 93 347 154 99 410 1013 181 9815 2
1 118 52 237 382 463 143 172 121 84 54 52 1153 352 209 107 276 67 9815 2
1 163 1983 1098 44 117 19 36 99 7805 1320 351 675 9815 2
1 554 9886 1702 5716 1549 9954 2562 9886 62 179 117 188 350 248 537 123 121 9867 2
1 339 420 326 9828 55 44 589 2711 596 393 715 436 9815 2
1 525 229 449 2030 1658 1570 57 69 68 295 403 68 523 457 98 27 9815 2
1 317 19 66 77 272 99 9828 1109 365 216 536 2
1 2200 1219 813 729 60 772 245 1219 2375 542 9184 772 97 204 101 60 44 474 416 9815 2
1 701 236 44 9867 769 734 33 121 123 54 52 204 9828 106 1759 308 468 2432 249 2
1 769 263 99 44 1303 494 67 112 968 351 75 708 147 99 1470 806 1078 694 495 9815 2
1 1018 68 9 1603 390 135 9828 42 643 291 750 9828 106 9866 124 635 9815 1036 449 641 1400 249 2
1 339 107 276 128 351 675 6774 3533 1541 2732 75 291 1136 94 9815 2
1 1034 77 148 848 545 7539 11 1061 13 217 2488 9815 2
1 702 114 278 149 88 2243 383 82 1366 365 9815 2
1 163 350 68 616 806 820 1244 55 9815 2
1 1222 401 1105 223 33 468 100 278 432 9828 348 55 143 1105 9815 2
1 3941 346 67 97 154 54 52 148 100 508 9815 2
1 597 218 9828 69 68 1124 154 99 1023 1206 1416 209 367 924 358 835 2
1 611 493 60 9828 69 377 518 9828 278 77 140 1039 107 276 96 327 54 27 427 288 327 9815 2
1 5995 757 776 33 36 1389 801 286 277 9828 752 943 9828 88 99 1144 767 436 9815 2
1 6845 520 57 284 96 82 559 295 727 1667 9815 2
1 86 33 79 478 154 160 77 88 137 69 68 2
1 163 179 410 927 391 729 9828 172 27 1613 94 82 19 69 364 2052 75 859 9815 2
1 232 33 167 204 1356 4851 1028 179 68 19 68 9867 2
1 60 19 352 345 445 397 9886 106 9934 74 9828 54 52 1296 2
1 232 44 79 84 921 980 82 284 67 508 9815 2
1 62 27 408 143 42 308 159 351 57 636 518 9815 2
1 525 229 179 314 82 342 3645 805 9828 27 229 188 762 531 2478 9815 2
1 62 54 52 497 541 82 180 1564 603 714 4213 9815 2
1 315 66 1755 1110 811 794 466 966 88 162 84 229 149 67 2
1 1043 201 683 515 67 195 44 187 33 468 985 811 9815 2
1 315 117 345 662 57 330 114 54 52 383 300 176 4 217 470 42 5636 4303 93 201 9867 2
1 834 248 1096 765 354 447 82 979 97 162 67 9815 2
1 339 99 1746 474 712 1738 42 635 263 19 432 536 535 1004 292 9815 2
1 756 107 165 128 33 79 123 36 1435 19 730 2242 179 55 1630 160 509 93 107 367 905 9867 2
1 118 52 33 141 160 367 452 129 422 625 9815 2
1 62 27 195 84 36 2603 605 19 266 2110 5384 37 9846 6310 9815 2
1 638 685 93 141 379 162 4332 2024 9815 2
1 2801 9828 201 54 27 96 129 419 188 42 531 661 55 9815 2
1 1411 180 1088 57 27 75 44 194 546 188 328 9815 2
1 62 3800 5776 19 908 66 77 874 333 9828 141 937 571 9828 2503 931 636 9815 2
1 305 429 19 77 2328 94 323 412 67 9867 1112 924 1134 55 9867 2
1 118 27 44 82 841 159 1902 2
1 292 236 738 721 143 117 557 573 97 180 905 9867 2
1 317 117 494 468 98 101 1062 1110 3482 44 277 1082 693 9815 2
1 440 273 33 79 762 531 331 264 67 82 44 482 2
1 2200 435 19 54 52 148 100 476 984 705 9815 2
1 199 82 1682 188 391 36 1645 2817 373 42 55 44 443 218 194 1571 809 1645 2817 9815 2
1 1548 168 818 140 99 183 2254 19 302 255 179 128 99 44 847 1020 19 530 255 9815 2
1 423 117 233 54 52 33 141 160 1133 2377 9815 2
1 1112 2576 995 100 135 159 200 5943 277 530 170 114 5967 9815 2
1 5084 931 336 170 9867 235 19 288 327 9815 2
1 199 437 93 1304 867 3969 470 2266 100 60 9815 2
1 897 99 60 19 36 44 447 651 1320 9815 2
1 7705 95 1917 1472 42 309 1570 99 791 323 57 1689 1463 9815 2
1 62 272 336 233 419 256 44 33 272 9941 403 44 419 96 937 2202 233 27 123 107 9815 2
1 1644 377 1830 420 149 2601 57 27 9828 738 721 27 734 33 121 129 97 27 520 9815 2
1 235 19 775 1405 68 436 720 129 2702 312 66 509 852 912 9815 2
1 2356 2006 200 112 369 9828 27 322 229 1844 736 98 1413 44 783 100 7665 9815 2
1 118 27 75 146 112 172 605 97 335 67 42 27 194 856 987 98 69 1281 9947 9815 2
1 426 60 830 419 256 2086 1712 170 9828 419 256 84 143 420 326 42 420 326 2
1 106 9896 324 27 93 1595 2026 450 1332 1092 233 588 537 9828 2
1 54 27 300 176 2160 931 323 412 129 274 36 391 729 737 681 692 474 505 2
1 7069 369 1404 1221 27 690 328 1206 1420 9815 2
1 203 19 36 288 82 873 140 571 1974 1392 571 456 9815 2
1 235 19 66 121 95 84 9815 3164 19 1434 708 9815 2
1 62 1162 1846 248 376 820 1073 129 847 19 54 27 453 1296 9815 2
1 702 114 300 176 98 36 323 412 1372 2051 159 764 1408 200 5952 2
1 203 19 250 873 546 806 634 302 100 354 572 57 54 52 9815 2
1 203 19 66 121 128 68 75 1009 295 1145 117 44 9867 2
1 426 60 373 426 60 272 481 9828 330 316 9815 2
1 933 655 369 468 66 77 1095 9815 2
1 947 149 277 143 494 98 27 19 140 545 723 2
1 834 69 180 33 36 1120 813 9886 486 274 94 288 289 362 9815 3644 274 94 1177 1363 362 9815 2
1 7399 9828 5820 9828 5316 9847 9894 9828 37 9903 9903 42 626 9847 9943 9815 2
1 1205 908 96 489 125 396 393 905 44 117 630 249 2
1 1635 19 121 114 403 187 1137 427 180 2087 2234 100 135 60 9815 2
1 62 330 316 9828 449 308 159 1255 1035 2
1 62 33 36 521 183 302 712 1120 813 42 413 1109 269 9815 2
1 701 236 54 187 574 279 369 957 2306 2466 994 720 1844 9867 2
1 86 96 123 1274 98 68 9828 135 128 36 99 333 13 34 9815 2
1 1011 289 445 398 9828 5402 1461 97 3703 3452 566 9815 2
1 163 292 236 54 143 84 919 334 179 743 385 9867 2
1 440 273 596 443 868 2142 97 66 821 436 234 57 257 9867 2
1 4150 1318 154 82 1287 1728 67 100 378 209 57 345 3073 160 4181 67 9815 2
1 3793 836 19 55 75 44 322 224 36 1067 176 367 9815 2
1 62 135 19 35 2168 1817 9815 118 1109 546 413 524 678 318 60 9815 2
1 163 60 44 117 19 515 4432 2515 363 4474 901 94 9815 2
1 163 369 179 55 19 775 1177 1363 459 1997 942 748 19 1105 223 459 1997 9815 2
1 199 147 140 432 68 44 79 1305 82 9815 2
1 339 88 66 416 363 830 27 1190 245 93 201 19 179 308 159 926 386 9815 2
1 86 96 97 69 68 380 36 378 57 445 397 1252 824 60 9815 2
1 118 52 296 1862 66 984 1360 944 9815 2
1 1107 1176 27 9828 709 269 60 19 129 284 256 4437 69 1145 1679 892 9815 2
1 1205 607 123 1050 67 33 178 824 593 583 521 1231 2558 265 140 9815 2
1 62 4796 2842 2298 6930 123 9886 106 899 44 245 503 284 256 19 497 77 907 707 121 1583 2
1 118 52 148 792 1316 141 160 140 60 9815 199 148 1736 997 1039 432 9815 2
1 42 69 68 33 79 154 9828 107 276 352 19 647 1045 9815 2
1 232 237 117 19 36 536 805 272 481 652 2
1 86 75 84 296 183 67 897 99 19 201 9815 2
1 1382 33 66 216 536 362 9828 66 707 32 2838 362 129 95 33 79 707 574 100 882 178 470 2234 9815 2
1 5112 140 406 197 757 140 5691 11 222 1392 66 582 197 1104 535 137 9815 2
1 118 52 649 474 66 243 431 1257 67 100 3167 1185 281 884 129 380 66 121 95 96 757 776 9815 2
1 1565 223 68 1115 573 140 2126 158 147 3484 9815 2
1 62 66 121 54 27 148 308 154 100 135 19 141 160 826 487 2
1 1011 500 483 19 497 216 536 2901 1432 255 128 68 33 79 412 561 94 9815 2
1 163 216 162 57 27 44 187 19 112 762 531 9815 2
1 7417 489 44 376 117 19 431 659 2
1 341 107 229 54 44 443 218 6997 172 121 188 114 9815 2
1 423 429 318 54 27 9815 423 429 194 474 505 98 54 27 9815 2
1 440 68 159 964 433 604 1171 42 346 602 42 69 68 33 79 915 66 149 67 9815 2
1 62 351 675 44 117 19 101 815 255 9828 55 933 655 44 1012 514 278 149 9815 2
1 62 68 96 154 36 6974 2280 2469 100 712 291 9815 2
1 3095 5401 9828 77 800 25 9851 352 79 823 938 143 194 1087 2121 57 52 482 2
1 235 263 19 183 54 27 422 625 323 412 57 257 9815 2
1 229 686 471 67 96 44 33 694 495 9815 2
1 2747 9847 9886 411 607 2100 1363 9828 66 1506 1288 9828 66 351 14 1703 6189 42 66 457 2417 9815 2
1 199 437 98 66 968 515 173 112 331 264 2691 1697 9815 2
1 1106 616 427 932 129 2146 159 42 1316 69 1188 694 1296 382 9815 2
1 348 690 1085 9828 55 187 84 9430 1880 605 57 27 233 1240 697 2326 141 1857 9815 2
1 199 44 874 736 98 2211 377 9815 341 201 27 44 379 55 9815 2
1 317 123 9828 476 9828 799 546 19 36 709 269 79 659 1423 5901 9815 2
1 106 899 438 593 19 107 9828 128 148 1350 188 727 170 284 52 9815 2
1 341 107 9828 54 27 1416 209 216 536 42 826 487 9815 2
1 86 1441 117 955 862 493 725 529 9815 2
1 1469 183 173 9828 937 802 830 54 52 146 112 488 886 9815 2
1 597 218 54 52 96 762 531 66 79 279 1146 1051 170 9815 235 19 99 1153 3342 9815 2
1 199 33 79 1629 312 66 893 634 44 416 454 937 9815 2
1 163 330 114 66 121 95 33 187 19 1094 2697 620 9815 2
1 86 379 288 67 9815 199 123 112 172 3383 359 9815 2
1 86 44 167 829 165 173 9828 348 330 114 54 52 383 167 183 770 146 9815 2
1 1198 316 9828 816 1596 57 54 27 97 54 27 36 288 289 141 173 385 9815 2
1 961 27 97 68 154 36 485 188 145 1053 106 7137 9864 2
1 317 154 291 392 57 54 27 9828 42 95 154 66 291 392 1401 1068 9815 2
1 339 3442 707 574 737 4893 7356 33 79 79 279 263 657 359 3806 342 421 9902 9815 2
1 3691 491 778 9821 562 1308 856 987 1223 1799 1364 69 605 1595 744 291 2
1 118 52 75 123 42 82 478 36 427 101 112 69 486 274 362 978 67 9815 2
1 701 236 684 143 819 653 97 1105 137 9867 2
1 201 88 181 107 95 33 79 602 160 2329 170 179 95 148 2431 1298 44 9867 2
1 62 60 19 288 327 128 607 1189 67 567 94 9815 2
1 555 68 1098 4296 9828 413 524 96 314 94 9828 42 1084 486 96 2688 1282 296 1983 1098 57 68 9815 2
1 339 19 9828 1261 2039 738 257 852 181 1388 1338 181 99 93 107 9815 2
1 203 19 4023 762 531 2693 2392 554 9943 9903 9876 9921 9906 9914 100 1230 1928 2583 9815 2
1 86 616 3321 932 129 380 514 125 3232 88 649 1243 3701 60 9815 2
1 4793 9808 3122 42 5526 6616 167 101 67 9828 117 44 9867 2
1 317 148 2138 4317 69 744 291 9657 606 687 187 98 427 3650 9815 2
1 83 516 1473 667 1021 44 33 99 1746 474 19 2259 1268 255 9828 42 55 19 149 1401 1068 255 9815 2
1 341 201 36 137 77 209 741 1323 44 84 336 1019 9815 2
1 118 44 355 333 936 557 181 99 57 445 397 101 657 2
1 440 68 383 167 101 121 75 461 94 9815 2
1 1540 607 692 82 750 112 552 994 9815 2
1 86 146 204 33 416 363 97 1310 836 9815 2
1 315 463 19 125 732 77 44 33 790 471 520 9815 2
1 62 68 167 55 277 84 121 326 44 9828 55 75 309 1197 137 487 2
1 86 19 36 243 668 197 9828 27 617 457 66 958 547 2
1 411 306 1220 128 27 148 123 312 622 82 101 1373 450 775 786 459 57 54 52 9815 2
1 1036 347 560 69 68 75 1093 478 9815 2
1 86 75 1498 82 725 764 350 9828 42 27 143 277 117 1498 731 1238 764 326 2
1 199 19 1030 97 77 9828 348 1257 363 100 988 55 9 496 962 413 1663 873 209 77 9815 2
1 232 75 167 9828 52 117 355 333 183 54 52 827 438 537 112 66 101 67 9815 2
1 1131 44 97 204 66 197 842 67 19 476 9815 2
1 4925 1062 6962 84 1509 976 1064 2
1 203 19 183 269 431 489 16 9807 5295 421 583 472 2
1 106 6613 135 6888 9828 353 895 67 1090 9814 27 9936 106 126 3601 6860 9815 2
1 3289 411 149 44 296 323 194 68 418 54 19 331 264 9828 348 68 143 237 54 9815 2
1 62 278 1219 243 173 128 95 757 140 493 60 96 1153 352 9815 2
1 305 248 279 401 9828 54 117 2036 75 322 224 291 392 57 445 1648 9867 2
1 42 101 67 181 99 322 224 36 331 7 9845 57 54 52 2
1 315 170 7599 677 1708 1376 82 84 471 520 209 352 107 276 9815 2
1 118 52 936 1096 1049 808 990 36 200 97 1089 1071 800 178 520 1359 9815 2
1 828 94 19 173 1068 9828 233 68 44 167 95 148 553 123 101 121 9815 2
1 766 9828 403 68 194 717 9828 272 336 403 68 245 872 1285 3972 9828 129 82 678 347 1233 2
1 341 201 129 415 879 801 602 9828 27 187 117 408 36 140 326 42 1073 140 60 9815 2
1 347 560 68 9815 1106 19 36 288 327 727 9815 2
1 86 167 101 60 9828 348 27 195 1179 1498 125 172 121 60 9815 2
1 199 33 278 149 27 237 9815 199 1656 2930 2
1 62 1155 1136 60 660 218 75 44 277 88 7782 326 9815 2
1 62 403 27 286 1851 9828 60 96 19 149 27 194 84 9815 2
1 235 19 36 149 1196 379 530 494 98 54 9828 42 54 811 379 55 9815 2
1 315 79 68 96 123 147 950 1251 183 364 358 9828 1388 66 429 44 290 2164 355 333 9815 2
1 1370 67 141 466 129 718 708 42 195 690 328 466 197 9815 2
1 106 4560 1163 9828 27 33 79 762 531 1160 1432 683 3470 57 273 82 44 9867 2
1 3357 1029 4873 1756 44 272 99 995 476 414 716 9815 2
1 1241 264 112 393 1146 1506 9886 86 187 33 36 1558 9815 2
1 118 52 75 33 36 137 99 1387 980 9815 2
1 62 233 201 9828 27 300 176 770 146 112 9828 33 79 60 187 19 36 892 1807 316 9815 2
1 456 256 750 106 2445 540 9815 86 75 666 42 135 19 607 750 646 328 209 2411 57 27 9815 2
1 86 272 94 195 44 460 352 19 2081 654 1375 2348 97 1019 9815 2
1 105 1080 392 19 99 523 347 9828 42 99 1402 1024 57 66 431 67 1390 147 99 523 347 9815 2
1 317 117 146 19 95 75 84 82 162 121 60 42 194 856 987 98 68 9815 2
1 62 66 722 438 9828 114 180 77 1737 2063 180 383 33 79 286 88 919 583 9815 929 560 9815 2
1 456 52 33 36 172 552 1213 1820 141 70 3754 2
1 1342 350 9828 54 52 148 188 390 457 3446 100 135 292 6779 9831 884 9815 2
1 1018 27 123 9828 106 899 96 4989 2415 656 257 9815 2
1 118 27 75 408 154 36 892 431 129 33 79 1171 2061 9815 2
1 199 819 279 767 1060 3704 789 57 1413 783 1507 57 54 52 9815 2
1 42 99 272 9828 172 675 57 1363 3548 19 6097 1630 57 1253 2
1 597 218 101 67 33 79 19 336 9828 476 44 9867 2
1 2686 345 2160 931 1580 831 291 392 209 396 393 9828 826 487 9815 2
1 4242 19 660 218 69 68 96 148 2517 1283 12 2970 2642 19 121 9815 2
1 1524 750 66 140 67 703 9815 1106 1097 773 54 785 9815 2
1 27 187 94 643 291 67 450 233 60 19 36 101 618 791 323 2
1 199 75 951 390 66 331 264 488 290 9886 392 849 57 180 77 312 1003 406 9815 2
1 203 19 245 467 57 4638 9910 9831 9895 9808 9910 9804 9862 9808 112 413 468 912 9815 2
1 86 75 123 19 95 141 481 652 492 1711 9867 2
1 947 77 3406 831 77 60 42 1709 159 248 1220 3089 9815 2
1 86 33 79 553 860 100 1656 88 798 932 2
1 235 19 66 432 54 52 408 154 66 907 523 2018 636 9815 2
1 86 194 963 82 291 57 457 749 437 93 867 635 60 9815 2
1 1802 57 27 33 994 173 9815 2
1 834 52 237 117 663 533 712 697 79 42 1003 406 9815 2
1 135 19 742 1246 1341 112 162 762 531 391 729 2
1 897 604 414 450 101 67 141 763 79 9815 2
1 3592 1968 1855 2658 9828 54 27 418 55 93 107 9815 2
1 62 68 33 79 274 94 430 510 342 183 67 9815 2
1 1224 201 9828 77 1176 272 99 75 141 1259 9815 2
1 86 286 88 36 637 3407 3038 269 9828 1175 829 9828 432 27 75 750 427 1507 1539 842 9815 2
1 341 201 9828 403 27 188 703 9828 27 96 188 915 3914 36 1267 9815 2
1 2686 345 413 1663 873 2349 159 2515 9815 2
1 555 750 36 288 2357 9828 27 300 176 140 60 2
1 203 19 742 273 256 75 750 761 176 9815 2
1 1916 605 1595 67 33 1231 2188 530 865 1175 1732 9908 1971 9815 2
1 62 27 181 99 194 69 68 649 593 427 172 101 93 27 148 708 68 188 135 2
1 118 52 494 176 98 3713 9941 98 6063 9941 42 408 143 82 99 290 318 57 257 9815 2
1 1547 2387 7176 9886 2339 1072 486 9815 232 1021 44 9867 2
1 62 27 97 204 60 19 483 123 1716 1387 2416 255 112 873 4 9905 197 507 82 478 2
1 235 19 183 128 54 52 744 1410 95 9828 476 905 9815 2
1 235 33 79 19 36 88 66 101 1119 971 255 128 27 507 84 9815 2
1 1112 60 75 1115 147 106 3412 3800 291 106 2448 109 9815 9901 9815 4979 9827 9815 2
1 163 84 236 84 82 179 68 187 19 36 377 518 42 44 33 573 9867 2
1 118 52 237 559 66 1155 1136 67 1668 809 66 1059 23 9884 57 307 9892 9878 9815 2
1 525 248 292 236 54 52 229 33 36 416 842 112 662 336 9867 2
1 62 27 117 123 752 19 9828 660 218 44 187 33 257 27 326 9815 2
1 317 44 602 514 725 218 88 36 3980 9815 2
1 62 1651 291 392 60 1076 143 98 385 9828 93 36 172 803 9803 2841 1563 2224 2474 143 9815 2
1 118 52 148 1369 694 1987 386 365 316 487 295 66 1231 530 362 9815 2
1 62 135 19 250 351 346 54 27 75 181 279 9815 2
1 3369 1220 176 441 19 9886 757 776 323 412 19 1663 557 179 68 167 393 981 2
1 235 19 36 1082 693 9815 315 680 1613 332 68 96 1218 4424 9815 2
1 118 27 44 553 84 278 162 437 385 9815 2
1 62 68 195 154 6863 980 233 101 67 9815 2
1 118 52 44 79 1426 99 422 625 451 358 9815 2
1 1609 401 9828 27 194 97 69 68 154 99 474 505 60 75 1390 147 172 121 9815 2
1 62 54 27 146 33 79 33 250 634 148 526 94 2
1 235 19 183 54 52 355 333 107 276 9815 235 19 488 886 1850 1888 815 255 9815 2
1 116 4114 9815 2
1 440 68 438 472 33 66 288 327 141 398 9815 2
1 118 27 75 84 476 651 101 3668 1982 9815 2
1 163 172 273 693 660 218 19 1165 249 2
1 86 96 520 447 403 68 97 27 367 452 9815 2
1 1553 483 95 123 9828 162 67 274 94 36 1517 2515 399 274 88 176 2323 9815 2
1 27 146 101 67 336 170 160 735 98 162 84 552 1474 9815 2
1 86 44 38 189 2011 296 429 88 332 656 257 9815 2
1 86 1179 101 1157 67 96 181 99 300 176 140 660 218 9815 2
1 2563 377 431 88 2925 33 79 392 849 312 435 510 42 503 1047 57 68 2
1 232 167 540 9828 135 19 36 88 66 436 234 588 379 57 27 9815 2
1 7729 143 9828 54 19 273 537 98 385 9864 2
1 317 44 234 6899 9803 1468 9828 705 1911 9828 2072 5603 9828 2781 3032 93 391 883 9815 2
1 1011 500 483 995 100 172 27 418 19 106 9842 1838 181 627 1239 572 249 2
1 1802 447 19 36 149 1014 598 255 57 180 77 88 107 276 279 292 9828 2
1 232 154 540 9828 54 100 1039 432 88 224 691 9815 2
1 128 36 378 195 1352 159 77 489 9815 2
1 37 9884 982 675 9828 410 729 781 291 100 642 9828 348 44 1423 1304 100 2376 4655 9815 2
1 305 342 183 165 128 36 3898 1550 33 79 392 849 1063 415 147 445 397 2489 459 9867 2
1 6264 2040 2
1 4259 1510 166 9817 1449 9886 465 648 322 229 476 1909 112 468 563 347 2
1 86 82 827 386 365 378 165 57 4314 743 1638 2
1 5778 9811 49 9818 869 9886 7874 1592 1642 572 98 677 4325 1119 971 255 107 276 9815 2
1 163 101 1068 255 19 9828 60 44 117 1594 1092 1016 2229 218 2
1 62 55 96 44 709 269 1520 1520 9815 2
1 62 66 537 587 1152 4617 195 1199 11 360 697 1655 9815 2
1 118 33 172 128 27 418 19 36 833 815 726 617 9815 2
1 2161 982 60 19 66 101 75 82 4177 761 42 114 66 101 54 52 44 154 9815 2
1 522 1014 414 129 323 9828 172 2248 67 33 427 467 7500 9828 476 44 9867 2
1 166 9817 33 36 416 363 165 129 1070 106 9876 106 9860 712 106 9932 106 2106 106 9894 249 2
1 235 19 36 172 308 112 36 488 886 906 1722 430 97 162 1058 784 572 1180 9815 2
1 1011 327 752 943 19 9828 68 146 508 19 331 264 302 255 9867 2
1 203 19 643 392 1666 3411 1001 171 215 3236 863 503 764 1227 921 350 2
1 1927 2228 200 9828 348 54 453 277 114 135 9815 2
1 465 146 112 55 93 36 172 101 1373 97 77 3694 653 9815 2
1 62 195 159 354 467 67 9828 738 27 4194 141 1423 9815 2
1 62 98 60 9828 27 194 347 560 69 68 233 75 1093 478 9815 2
1 62 33 36 1120 813 141 589 674 128 54 117 181 279 9815 2
1 199 84 77 52 272 99 770 2493 9815 199 272 451 1094 9815 2
1 1568 9828 33 1014 414 165 167 77 67 44 9867 2
1 62 933 655 75 33 36 345 737 84 112 216 162 57 54 27 2
1 232 96 33 79 478 154 681 903 9828 2
1 203 19 36 88 2019 7786 4500 277 143 44 82 1301 159 44 447 9815 2
1 62 54 52 187 393 7544 703 779 2196 9815 2
1 3528 9886 2653 57 1486 1506 9815 2198 715 9886 2653 57 1486 1506 9815 2
1 163 27 492 443 218 347 314 82 55 9815 2
1 5796 4105 91 1052 1865 9886 106 899 146 216 162 57 27 19 274 347 1233 9828 856 987 1157 1204 9815 2
1 62 27 318 204 216 536 181 99 19 36 107 634 997 302 9815 2
1 62 187 88 36 354 447 1341 9828 137 1665 66 1067 167 474 505 107 19 1503 2190 9815 2
1 62 93 201 9828 27 519 382 418 97 1913 1293 518 970 292 8154 9815 2
1 62 101 60 708 312 36 323 146 9828 33 79 726 1173 451 358 1124 410 927 350 9815 2
1 423 33 121 1075 316 19 52 33 1099 1059 9815 2
1 181 980 1090 336 398 1044 170 9867 465 123 9828 106 5195 249 2
1 4805 75 1571 5610 9815 1034 2139 75 94 809 1522 9815 2
1 1766 96 1115 180 159 406 1358 99 249 2
1 62 950 602 176 441 57 801 602 644 19 589 674 9815 2
1 62 54 52 96 553 860 506 101 121 148 461 94 88 176 273 52 9815 2
1 597 218 9828 449 380 1027 786 459 9828 36 279 561 418 19 786 459 57 677 77 9815 2
1 4355 355 9828 99 1903 392 98 216 162 44 187 19 968 515 57 944 758 388 67 9815 2
1 1106 237 36 590 972 992 42 1223 855 67 538 334 36 172 173 9815 2
1 456 123 98 27 1012 514 69 1246 273 84 82 645 36 420 815 255 9815 2
1 118 52 117 84 121 129 454 519 69 331 264 9828 755 223 93 955 424 9867 2
1 86 277 773 27 75 770 146 1520 112 66 416 363 97 162 67 9815 2
1 1766 57 55 44 82 197 1539 197 9815 2
1 62 77 537 95 57 68 123 19 9828 106 2632 840 9828 308 821 1597 67 8 9929 9815 2
1 62 233 201 123 96 355 333 351 659 367 351 57 1404 1221 403 97 273 52 489 552 3439 9815 2
1 7304 347 1116 33 79 1911 140 27 1392 68 42 645 322 143 9815 2
1 3095 7374 3225 1793 483 9886 106 1659 27 44 146 2512 33 79 84 107 249 2
1 1899 662 148 523 459 55 141 727 1667 2
1 1349 60 95 187 33 36 257 9815 62 27 146 204 9886 106 2370 19 332 286 1256 1191 57 803 284 249 2
1 411 77 173 9828 27 731 159 125 2097 351 1044 2312 57 2665 9815 2
1 86 616 433 200 129 197 82 101 67 9828 348 55 272 618 598 9815 2
1 62 180 587 75 1147 500 9828 27 167 180 587 75 1147 500 143 284 9815 2
1 611 66 38 9830 5 359 67 9828 69 907 523 564 377 300 176 291 224 9815 2
1 871 27 19 9828 88 916 1312 9828 68 33 79 36 825 388 159 36 1118 916 9815 2
1 163 33 680 172 1078 3185 302 170 19 172 128 54 52 418 19 1078 3185 1310 836 9815 2
1 3851 9886 456 167 44 9828 180 77 272 466 883 9828 44 33 416 716 326 905 9815 2
1 465 648 327 488 290 98 36 968 582 352 903 1462 380 9815 2
1 233 537 277 194 273 188 243 1883 42 418 628 97 721 273 326 128 249 2
1 1502 128 3842 264 3707 1130 397 67 33 323 463 141 302 9815 2
1 62 101 67 140 369 147 401 453 44 878 355 333 9815 2
1 163 181 94 9828 180 1488 362 187 19 36 1156 288 289 128 785 9815 2
1 456 256 123 9886 106 9946 476 350 9828 27 195 773 289 60 9936 2
1 118 52 44 154 55 209 2435 9815 118 52 44 154 55 209 2718 9815 2
1 60 19 36 950 1146 1051 98 160 378 355 333 2
1 317 195 520 2258 581 160 1418 967 420 735 98 77 642 2
1 62 27 300 176 234 1078 1710 2133 345 9815 2
1 947 77 312 1077 831 42 300 289 9828 106 2729 273 148 84 121 100 135 482 2
1 118 52 19 384 1690 427 82 1199 94 140 36 9815 2
1 426 67 272 1068 1314 9828 296 528 673 1165 2024 165 9815 2
1 2237 560 9815 4357 224 2393 560 9815 2
1 116 108 5893 9815 86 588 2024 5893 9815 203 19 36 180 2024 5893 1254 3000 302 9815 2
1 317 148 209 36 332 457 397 9828 44 79 645 143 9815 2
1 203 19 99 355 333 436 181 9828 811 673 436 181 9815 2
1 118 27 415 879 617 295 42 757 776 1143 4049 707 574 100 863 817 9815 2
1 315 36 427 466 966 1024 31 499 9813 780 867 100 1439 67 2
1 2263 588 19 36 1332 1903 392 9815 199 13 389 9814 1134 68 9815 2
1 423 117 19 172 67 9828 476 44 1528 9867 199 44 117 19 346 602 438 180 9815 2
1 2617 75 9828 1316 590 9815 235 19 1179 1157 57 273 236 9867 2
1 341 201 27 33 826 487 176 159 1024 347 787 9828 128 27 79 661 129 6976 224 1223 318 9815 2
1 2914 984 705 128 54 27 718 147 19 137 459 5493 1507 585 36 335 9815 2
1 86 167 27 117 1390 803 6020 296 27 312 863 817 9815 2
1 235 19 125 526 803 599 392 1739 1518 9815 2
1 232 75 478 154 681 903 60 1736 94 1039 582 9815 2
1 341 54 52 401 75 167 183 1147 143 54 9815 2
1 611 643 176 441 9828 54 52 154 1755 1110 767 274 9815 2
1 426 60 44 33 463 278 77 33 2612 806 84 528 376 101 121 95 194 9815 2
1 555 54 27 1346 925 100 1001 2594 1914 9828 278 149 75 355 333 9815 2
1 1043 60 9828 284 256 75 757 776 593 503 1715 274 6126 176 441 100 192 2548 1276 5062 9815 2
1 203 19 1207 334 243 27 9828 140 930 350 179 27 921 915 968 243 67 9828 2
1 440 1488 54 52 148 1109 546 565 335 9815 2
1 3017 601 608 44 117 33 79 757 776 88 354 447 1341 9941 55 19 36 445 397 2
1 163 272 99 44 793 1318 9828 450 60 195 734 460 352 19 289 336 9815 2
1 1370 949 746 1071 33 793 1318 44 9867 2
1 118 84 330 114 66 162 67 88 630 218 334 420 176 441 308 154 396 393 9815 2
1 118 52 519 382 278 149 96 410 927 93 107 165 9815 2
1 235 19 421 1070 207 2
1 1905 673 466 408 9815 315 79 68 195 33 427 755 223 112 55 9815 2
1 2908 5630 4176 170 98 125 775 601 137 148 1350 188 2
1 1565 223 93 273 243 668 197 67 9828 4783 2286 3133 6221 4112 9828 77 486 720 94 1266 2835 9815 2
1 597 218 69 68 167 292 236 9828 42 494 98 27 60 19 467 2677 1982 57 1130 397 67 2
1 163 54 27 33 36 427 331 264 9815 2
1 613 602 149 384 195 82 6852 369 204 449 1097 773 634 505 269 60 9815 2
1 1323 82 97 204 96 523 459 278 77 342 183 410 1013 330 114 54 52 143 9815 2
1 49 254 54 27 602 384 742 681 903 67 740 415 9828 2
1 86 75 100 7906 9828 27 1402 1549 421 172 9815 2
1 1342 350 9828 218 27 194 419 791 9814 1003 143 9815 2
1 426 604 414 19 6062 33 36 137 874 736 367 351 982 9815 2
1 591 2043 9828 1310 7075 42 4842 33 866 1952 944 57 54 9815 2
1 961 1537 143 9828 135 19 172 128 54 52 33 88 377 197 9828 2
1 1370 848 60 98 485 1399 33 347 787 437 93 148 520 949 9828 2
1 62 334 60 9828 66 332 2160 931 67 195 274 94 66 1882 114 9817 1077 831 263 27 9815 2
1 118 44 117 19 36 497 137 487 44 263 846 9815 2
1 118 234 84 70 325 2351 9828 42 68 44 79 559 94 314 382 57 257 9815 2
1 7419 430 536 535 57 27 148 302 1282 9815 2
1 411 515 399 391 393 286 82 521 592 200 19 730 170 592 1871 2
1 62 403 68 97 69 826 487 159 36 432 9828 36 432 149 384 129 1630 1155 1136 9815 2
1 307 190 4877 33 323 463 617 459 488 1489 36 677 9815 2
1 203 19 605 2413 952 149 255 9815 1933 1735 19 3420 9815 2
1 232 33 79 2062 55 159 468 369 1532 5101 9828 792 141 936 19 5091 2265 9815 2
1 2580 355 77 2414 872 1991 1789 147 42 2304 2620 256 809 27 9815 2
1 456 256 194 286 1853 88 381 1089 9815 2
1 1553 27 9828 245 467 67 148 335 880 859 1536 9815 2
1 701 236 69 243 524 1311 143 44 442 2708 66 149 67 9867 2
1 235 19 675 662 995 712 378 7225 662 42 2132 286 9815 2
1 235 19 183 27 639 1221 97 351 675 257 9815 2
1 945 9910 9919 9910 9856 9910 9902 9910 9919 9910 9894 9910 9856 9910 9894 9815 2
1 163 88 565 406 474 9828 27 44 436 538 291 829 9815 2
1 203 19 4039 109 1703 373 582 919 692 9815 2
1 62 33 36 742 88 954 585 60 128 27 194 856 987 98 69 68 9815 2
1 339 1197 1057 369 114 488 886 2090 1014 414 9815 2
1 465 308 380 9828 36 179 68 33 66 216 763 67 9828 68 44 79 44 386 365 54 9815 2
1 611 377 197 9828 3096 848 100 414 716 593 503 9815 2
1 62 60 19 493 54 27 617 457 648 547 9815 2
1 62 288 327 19 9886 756 107 165 54 52 33 79 84 97 101 60 322 143 9867 2
1 1644 200 7619 54 27 97 216 738 224 216 176 441 57 257 2
1 1018 9828 97 841 27 645 143 727 563 291 57 2761 9913 2968 9815 2
1 317 4177 1216 1353 825 1949 9828 1181 7076 9815 2
1 782 60 284 75 2923 52 968 243 128 284 924 1134 88 1022 1556 57 95 9815 2
1 199 734 33 416 590 165 140 1481 308 364 358 907 523 2
1 1627 1588 9846 313 93 107 67 9828 1029 1070 69 288 1190 345 1333 398 489 9815 2
1 86 194 82 347 314 972 992 88 354 447 930 255 33 79 9815 2
1 118 27 921 308 154 427 180 2063 1508 176 441 9815 2
1 210 78 346 67 96 97 69 68 154 55 709 269 93 107 165 9828 2
1 235 19 140 893 601 137 57 224 691 5139 9815 2
1 118 33 79 44 874 736 328 36 183 93 77 302 9815 2
1 613 666 160 147 1332 27 734 79 6966 359 957 731 82 326 9815 2
1 315 429 563 2011 596 296 36 396 393 566 486 401 9867 2
1 62 27 33 36 821 2140 5296 920 394 141 698 140 607 57 4506 676 2738 2449 9815 2
1 163 27 453 740 1190 342 2526 106 1784 75 380 390 659 1947 27 1115 97 273 492 482 2
1 62 330 114 69 677 42 309 1076 726 9815 2
1 128 19 129 274 94 528 376 149 681 903 121 33 79 412 561 94 9815 2
1 315 433 911 2215 3403 82 2206 129 1252 433 1882 937 355 233 1252 1422 9815 2
1 334 60 9828 159 200 1967 9912 125 99 1062 618 791 323 75 461 94 2
1 162 67 437 93 19 663 497 36 3448 1523 1064 2791 2
1 7616 100 1230 1033 1069 9828 27 195 75 776 36 432 5681 1105 9815 2
1 423 33 121 19 101 2823 1256 302 114 9815 2
1 1910 635 277 143 33 79 82 386 365 97 172 173 9815 2
1 941 373 33 117 60 19 149 1651 9867 2198 715 9886 766 9815 2
1 411 243 800 274 622 290 84 608 9815 2
1 203 9828 55 33 1135 488 245 98 589 414 442 99 528 583 1889 9815 2
1 118 52 75 622 187 154 36 468 57 332 639 9815 2
1 611 656 27 492 507 443 218 82 520 3026 9815 2
1 613 437 93 6111 19 399 260 57 355 333 9815 2
1 232 559 114 725 892 67 36 493 159 88 3981 9815 2
1 702 114 383 342 571 456 9828 27 143 1124 94 188 9815 2
1 86 382 96 1252 94 42 27 194 97 68 154 39 2042 1448 268 125 179 55 717 1077 831 236 5560 2
1 2347 3378 9828 1030 1517 9828 359 2157 1520 2669 42 2307 452 9815 2
1 1131 82 123 204 257 229 792 93 107 165 9815 2
1 1826 1456 69 68 1566 79 939 94 137 165 824 170 285 9807 9828 2509 137 981 197 9815 2
1 42 783 1351 33 79 355 333 88 179 95 148 4317 143 783 556 9815 2
1 613 418 19 1162 805 57 27 100 8120 9828 1141 1307 4235 1602 9815 2
1 163 33 36 183 173 9828 42 27 96 129 55 97 68 770 146 9815 2
1 341 201 660 218 9828 54 52 449 328 380 36 137 291 392 140 106 9847 220 4219 249 2
1 1034 77 52 743 2806 332 656 95 159 36 137 149 9815 2
1 315 900 93 9828 237 117 33 36 332 2598 1053 112 601 608 88 354 572 67 9815 2
1 42 183 95 173 533 98 54 52 93 107 165 9867 2
1 62 233 66 771 561 93 107 67 9815 2
1 203 19 3167 4495 9828 2152 2534 9828 432 27 286 2
1 62 237 117 84 160 170 326 179 194 621 107 276 67 322 229 3247 143 685 170 9815 2
1 411 1000 1554 3321 9890 9932 995 209 1472 243 9815 2
1 62 403 27 224 216 170 9828 27 96 972 992 170 9815 2
1 118 27 453 44 167 651 721 419 587 19 429 398 419 587 605 121 9815 2
1 339 755 223 604 414 82 181 279 450 166 3520 2746 90 42 2238 676 1779 3515 9815 2
1 411 77 730 3022 761 379 66 101 1402 1024 9828 1153 352 42 847 1020 9815 2
1 62 179 101 67 461 94 9828 1542 8795 3296 148 393 981 101 121 60 9828 93 284 256 472 84 9815 2
1 152 179 52 123 112 2681 9815 86 44 506 236 77 52 143 123 112 2681 9815 2
1 465 308 1104 170 36 590 216 471 149 1265 67 9815 2
1 2473 9936 86 347 314 1223 3608 3065 9815 6946 3065 9815 2935 698 9815 2
1 913 256 500 483 263 846 93 107 67 9886 2
1 456 256 2197 327 565 414 716 761 88 216 956 117 33 36 1243 585 736 1345 518 1175 829 9815 2
1 339 172 308 4493 390 112 99 3612 1321 100 6551 1202 6342 9815 2
1 203 19 637 2208 5711 1133 4173 100 192 1541 603 844 9815 2
1 42 36 137 677 17 9422 79 286 100 1386 1905 9815 2
1 851 726 1071 975 97 1357 1473 667 1021 907 523 9867 2
1 62 330 316 9828 27 314 94 9828 95 123 9886 106 2831 44 79 33 180 249 2
1 62 179 69 197 377 75 1005 703 9828 27 327 54 9828 106 3730 75 84 336 255 482 2
1 62 55 410 474 712 952 1195 42 952 4053 9815 2
1 163 403 68 176 833 159 636 854 248 54 27 96 33 739 430 355 333 1255 1035 67 9815 2
1 163 771 862 98 69 68 9828 1304 172 67 296 1196 1678 57 77 1978 229 449 2130 1748 9815 2
1 897 94 9828 86 19 829 77 398 146 112 66 180 137 93 69 68 96 1852 314 94 9815 2
1 62 135 19 36 391 729 907 523 100 4803 9228 685 135 27 75 312 1989 9815 2
1 1514 1162 805 57 27 9815 1514 950 1154 57 27 9815 2
1 901 229 1825 2256 97 77 601 1039 107 276 9815 2
1 62 216 54 248 1012 514 44 114 167 147 99 1004 292 57 162 67 9815 2
1 1590 367 351 60 19 269 367 1064 589 674 255 68 33 79 33 2
1 203 19 180 2063 128 27 1005 328 36 493 209 1902 952 9815 2
1 885 1062 67 1158 445 528 794 332 625 2068 520 1272 165 100 686 1230 9815 2
1 1036 1163 373 60 19 125 1038 437 468 912 9828 19 125 1443 1209 97 767 1060 362 9815 2
1 163 403 731 125 2564 9910 898 9910 9814 562 326 248 236 9867 2
1 207 9906 9886 573 9815 1342 350 9828 449 648 98 55 9815 2
1 423 117 9828 27 146 7159 148 123 112 162 1724 1523 33 693 2323 9815 2
1 1131 187 167 677 67 19 36 589 835 9815 2
1 1342 785 9828 42 101 60 559 27 147 410 931 9815 2
1 2240 1306 57 27 19 9886 1072 2160 931 1341 255 57 27 19 88 1277 571 523 1160 9815 2
1 106 2445 68 33 148 596 36 890 1795 296 257 44 482 2
1 845 545 867 19 1902 952 3579 909 9026 9815 2
1 440 908 601 99 148 1995 1334 69 509 691 9815 2
1 423 117 9828 493 60 27 44 1819 529 9815 2
1 62 55 82 436 538 450 6700 5181 285 3561 9815 2
1 199 19 617 397 1803 9828 596 393 2160 931 42 1058 784 9815 2
1 118 27 274 94 36 744 9910 6504 628 589 674 9815 2
1 203 19 2033 1931 3005 140 329 3301 3114 4024 3510 2
1 1205 77 88 137 54 52 705 573 159 66 149 128 54 52 44 181 99 237 2
1 1211 514 9828 27 146 33 680 52 96 44 194 99 593 181 481 494 9815 2
1 1211 179 895 931 850 170 9828 27 96 123 390 112 181 431 197 9815 2
1 341 204 292 236 197 377 237 188 850 809 432 54 472 286 9867 2
1 62 292 236 66 77 2510 2267 601 608 234 5689 143 9867 2
1 86 622 19 36 494 1178 57 55 9815 86 97 204 347 1116 19 237 436 9815 2
1 62 284 256 453 519 750 229 66 351 692 84 1364 980 77 9815 2
1 828 94 60 19 483 57 945 4588 9805 1394 329 1407 158 2
1 163 330 316 19 69 243 668 197 195 44 644 170 9815 2
1 235 362 263 19 539 1178 9815 2
1 1280 978 369 9828 36 216 956 1977 264 1461 54 27 436 538 592 952 1754 1534 97 95 9815 2
1 86 154 66 216 399 60 865 865 322 112 243 9815 2
1 851 27 693 94 250 755 223 100 135 9828 42 27 194 97 69 68 154 9815 2
1 305 54 52 33 79 154 82 121 140 332 958 547 67 9867 2
1 2239 1648 342 488 886 9815 62 330 316 55 96 19 201 403 68 286 100 60 9815 2
1 7323 7931 75 707 574 94 889 4330 2459 9947 119 9815 1224 44 9867 2
1 1370 27 44 79 1592 322 224 36 88 69 101 618 1044 1545 42 616 468 255 9815 2
1 2198 715 451 1075 179 154 54 546 269 9815 2
1 163 449 322 143 98 1632 42 2252 4337 9815 2
1 116 1559 491 928 1166 9807 9886 232 75 478 711 112 77 642 1569 2502 492 9867 2
1 86 75 33 1795 497 42 635 129 617 457 9815 2
1 86 96 355 333 581 1024 159 66 432 27 188 605 57 625 2068 9815 2
1 1628 237 312 941 9917 1907 9815 2
1 62 54 52 75 154 2558 1723 216 956 9828 100 642 9828 403 27 82 841 123 9815 2
1 62 68 33 79 154 100 135 33 651 2132 2
1 339 200 334 9828 286 98 1858 4144 5162 9930 545 2325 5020 9815 2
1 6587 651 420 1245 216 857 681 692 9815 2
1 339 137 318 804 123 204 218 19 200 3838 2945 2502 19 1974 9828 42 9058 1430 6223 19 7892 9815 2
1 232 57 27 2904 559 27 159 515 1089 9815 2
1 341 107 9828 27 75 1831 333 98 523 99 9828 2885 91 1102 9804 1786 9815 2
1 1112 75 1137 7733 4278 4451 9867 2877 1118 866 1120 192 5166 9896 37 9846 281 192 2955 9815 2
1 5984 9828 5984 9828 1498 75 9828 1498 36 590 9815 2
1 62 660 218 54 52 96 123 112 925 964 1155 1129 812 9815 2
1 769 233 172 128 54 52 272 99 2336 181 99 2336 9815 2
1 62 334 60 27 33 761 1090 94 9815 2
1 62 334 2601 764 1023 1206 2781 3032 9828 891 587 256 218 148 520 1632 1676 98 359 1824 207 2943 2
1 62 1942 1354 147 882 54 52 44 167 117 84 121 9815 2
1 456 256 1218 112 780 509 970 42 726 1367 9815 2
1 465 129 27 187 94 1287 149 2456 1292 996 863 817 2
1 1370 60 1456 117 33 590 323 463 165 60 9828 476 44 9867 2
1 341 107 68 188 408 607 862 9828 42 66 121 68 408 82 19 36 607 762 531 245 872 2
1 305 443 868 1014 414 148 820 1073 2526 612 493 67 9867 2
1 203 373 187 19 264 574 362 57 27 97 210 9825 817 673 456 9815 2
1 611 36 137 406 474 9828 1358 1118 57 36 545 96 2615 639 1273 9815 2
1 152 54 52 154 60 9828 55 2245 739 430 308 57 419 9815 2
1 55 1097 143 565 969 852 5614 27 88 6629 941 200 390 2
1 203 263 19 149 54 52 194 140 787 245 57 54 52 2
1 86 195 762 531 66 172 1208 209 1039 107 276 9815 2
1 1074 55 33 1368 7822 432 128 55 117 147 44 9867 2
1 1787 316 9828 95 44 188 616 9815 702 114 95 100 135 9815 2
1 118 383 245 435 114 9815 62 565 2811 694 237 314 187 719 140 593 503 9815 2
1 426 60 141 589 674 9886 54 52 44 274 94 69 663 781 9828 69 474 659 9815 2
1 317 596 69 7448 2335 3598 322 143 243 2243 9815 2
1 1411 587 75 300 176 1165 234 140 141 1852 9815 203 19 895 566 57 891 9815 2
1 8327 55 123 180 917 248 44 82 602 9815 2
1 423 33 454 1465 165 97 77 123 82 66 331 264 60 19 121 9815 2
1 2058 94 135 19 36 643 599 690 328 604 414 9815 2
1 62 288 327 604 414 60 19 9828 289 121 75 461 94 179 54 682 385 9867 2
1 1222 401 9828 180 509 712 116 2220 5128 42 637 243 100 362 75 82 460 224 9815 2
1 62 179 95 100 292 36 452 2160 292 1385 2199 9815 2
1 2263 2011 1333 60 27 195 148 100 6002 406 1802 1688 88 36 1130 397 1387 9815 2
1 1893 121 148 461 94 100 779 359 9867 2
1 3013 107 326 9828 492 847 55 678 82 476 424 1861 9815 2
1 86 75 84 162 589 674 459 69 786 351 82 1265 200 9815 2
1 62 646 328 9828 1663 557 9815 7367 557 248 181 99 9828 181 99 141 604 414 9815 2
1 555 77 52 478 3937 422 94 66 140 748 57 27 9828 95 33 234 5896 3090 44 9867 2
1 1469 272 563 9828 27 472 682 322 2156 302 2
1 203 187 19 675 396 717 9828 55 644 1683 9828 2
1 235 33 117 497 582 1664 128 68 1179 194 1566 9867 2
1 555 277 470 330 114 66 101 27 194 84 19 1009 599 66 180 2346 9815 2
1 62 27 148 245 872 900 468 69 68 9828 233 54 148 123 97 27 36 427 149 9815 2
1 423 93 1029 68 123 9828 67 3582 9828 27 148 234 1538 1180 9828 277 891 9867 2
1 62 101 60 272 855 179 54 52 397 526 54 129 308 154 54 188 147 508 9815 2
1 106 887 313 2644 9828 292 236 69 68 143 1901 245 93 201 482 2
1 210 142 1019 350 77 52 453 1414 668 197 42 700 452 19 69 1550 944 533 9815 2
1 118 27 33 1329 396 645 9828 651 396 13 1726 94 723 645 771 1182 316 2703 698 9815 2
1 947 77 327 292 236 27 143 274 94 55 9815 86 195 44 847 1019 9815 2
1 766 9828 101 121 75 461 94 98 7849 180 1285 925 2134 234 2266 1133 60 9867 2
1 1050 181 99 5369 1301 97 27 1058 784 332 656 257 88 160 200 312 9815 2
1 62 1969 3230 100 3967 6114 9815 2363 949 1163 9828 5782 6114 9815 2
1 339 77 19 180 917 57 284 9828 6082 1895 9815 2
1 2056 88 60 33 2138 567 36 396 274 783 1213 70 9818 9815 2
1 163 269 634 60 44 117 233 274 99 173 472 398 99 846 618 9815 2
1 339 88 66 466 966 19 183 1177 1345 9815 2
1 86 762 531 112 716 773 9815 86 75 762 531 112 716 773 88 1304 1197 1607 9815 2
1 163 403 27 44 19 914 2680 9828 27 33 79 84 121 9867 2
1 411 681 903 332 286 107 67 181 99 604 414 403 68 129 323 2
1 701 236 54 33 79 1125 1915 82 99 616 2022 57 445 160 2054 890 9867 2
1 62 101 67 19 450 393 589 1100 19 962 260 44 79 1078 98 99 486 274 9815 2
1 62 3426 309 82 141 160 1000 392 98 172 7241 9814 2523 57 2306 7541 9815 2
1 845 69 677 388 1470 9828 866 533 19 2302 9828 60 19 497 4475 33 79 901 666 1096 1871 2
1 235 19 649 474 69 140 1275 1245 57 36 1334 896 9815 2
1 1787 316 9828 55 44 392 849 121 233 195 33 79 55 44 392 849 9815 2
1 769 233 27 117 97 68 380 36 88 66 1424 977 173 9815 2
1 118 52 19 1684 9815 118 52 1571 809 640 88 354 673 22 85 2823 159 107 1057 1238 9815 2
1 62 27 146 204 54 52 237 84 486 1925 9886 426 67 272 99 33 79 399 997 44 9867 2
1 163 277 33 160 1481 178 173 98 2436 9815 2
1 824 147 1408 9880 9917 1971 1013 1385 2199 98 2795 1254 42 3095 2877 9815 2
1 118 27 559 573 97 36 137 908 42 539 95 489 55 97 351 675 2
1 235 33 117 19 432 57 99 2431 1298 4671 99 410 474 503 2066 9867 2
1 203 19 4038 9828 36 88 66 197 377 57 54 27 292 210 208 1605 9808 6245 9828 7853 9815 2
1 411 289 336 698 170 9828 160 170 107 9815 2
1 163 1177 2283 52 129 2995 172 121 60 9815 2
1 86 773 705 264 209 1802 862 1229 1615 19 106 1758 148 2242 295 9867 2
1 1034 509 415 296 57 54 27 19 1165 459 216 536 67 2
1 3013 2457 200 9828 503 416 197 82 1249 365 88 101 657 515 9815 2
1 163 273 546 147 135 195 129 682 66 77 148 84 172 128 891 148 84 9815 2
1 522 54 52 827 54 183 454 519 99 5915 520 57 257 355 233 353 1093 112 55 9867 2
1 315 117 27 188 140 1265 378 911 2193 2178 295 2457 378 911 2193 2178 44 9867 2
1 1800 93 273 75 661 143 2431 342 9815 2
1 947 77 167 540 9828 54 52 685 93 44 167 121 112 54 9815 2
1 118 27 75 408 97 273 36 216 162 292 216 956 100 1230 1994 187 183 1017 1971 9815 2
1 41 9876 30 1315 2070 66 424 318 67 9828 54 148 1327 416 55 9815 2
1 86 622 146 112 66 1300 1088 234 616 66 925 566 67 9815 2
1 62 55 263 19 101 117 322 224 36 378 141 245 435 57 162 274 94 598 657 9815 2
1 305 487 54 52 33 79 84 101 488 290 88 1334 896 955 424 9867 2
1 315 79 489 97 278 149 9828 397 526 9828 1172 737 9828 625 2068 9815 2
1 440 68 96 154 19 179 257 602 1716 9828 1223 855 187 19 1170 354 128 785 9815 2
1 62 27 146 9828 106 2655 96 84 229 431 1315 976 60 9815 2
1 315 680 54 52 187 33 79 123 204 9828 106 1355 9828 481 494 44 79 249 2
1 86 123 106 1031 113 160 106 2216 233 403 187 910 188 725 765 248 734 618 711 9815 2
1 86 117 318 412 95 42 1181 143 9815 2
1 232 146 278 77 148 895 1572 112 257 9815 2
1 62 27 84 162 97 36 414 653 1173 588 379 69 137 487 9828 93 69 68 75 167 9815 2
1 1222 401 9828 33 141 160 99 874 494 9815 2
1 62 3129 884 357 709 269 195 437 93 201 9815 2
1 118 27 300 176 2061 1804 125 137 345 1665 183 135 170 1819 200 2
1 42 27 146 204 135 19 493 128 54 52 327 488 290 97 216 536 9815 2
1 411 396 1649 75 322 224 36 149 33 739 430 1771 2343 9815 1224 44 2
1 235 19 893 746 795 3444 1884 245 435 9828 19 36 457 749 128 54 52 856 987 9815 2
1 1497 514 354 447 54 27 383 117 494 965 98 971 1119 9815 2
1 305 229 9828 9429 1466 1761 19 36 216 763 274 291 648 547 9815 2
1 62 60 19 66 77 355 333 107 276 9815 2
1 423 33 172 396 165 1077 831 52 9815 2
1 611 406 474 57 27 9828 288 500 483 644 752 943 2
1 769 233 54 52 44 33 69 893 746 1071 9815 2
1 55 1092 445 9815 62 54 52 3228 553 347 787 67 9828 476 44 2
1 62 101 67 437 93 77 396 44 33 1143 628 804 269 367 9815 2
1 913 256 277 2275 731 1000 2430 149 384 33 750 9886 2
1 118 52 96 408 94 172 121 60 694 495 9815 62 96 757 776 1416 209 60 9815 2
1 2482 2940 9886 525 276 556 673 57 106 2260 447 944 9864 2
1 86 167 27 194 84 121 42 27 84 101 60 2
1 118 52 148 300 176 308 159 88 345 662 9815 2
1 2058 94 19 9828 33 535 981 979 97 563 588 9815 2
1 232 237 117 84 1402 98 66 331 264 54 52 921 123 335 747 401 9815 2
1 525 229 9828 44 237 269 367 545 88 9828 44 237 628 9815 2
1 5959 8101 9886 2856 365 885 2695 2709 486 1016 181 3673 57 54 52 9815 2
1 1194 401 55 187 170 1277 3650 97 36 335 9815 2
1 203 19 819 346 743 300 2589 707 9828 68 33 79 245 872 88 427 1286 9815 411 200 7045 2
1 1916 2215 67 657 598 125 732 554 4619 179 277 362 2
1 62 68 146 9828 106 2757 121 75 461 94 201 482 2
1 839 54 52 237 660 15 0 19 538 1201 391 582 2
1 913 52 1441 1099 721 257 2675 365 563 854 1416 209 69 1516 2475 234 3899 2490 9815 2
1 62 27 1310 836 204 980 140 1901 96 921 1390 143 1223 855 921 377 818 97 68 9815 2
1 305 229 27 96 559 97 68 384 755 223 9815 2
1 86 44 974 82 692 9828 348 27 602 692 763 42 1638 628 781 9815 2
1 782 60 27 123 98 738 721 106 2109 117 188 2
1 86 1310 836 166 1918 9811 33 79 2788 5899 188 66 2815 276 67 9815 2
1 7385 539 1178 9828 468 173 9828 295 571 97 678 524 9815 2
1 86 3461 454 364 9817 9910 6712 107 276 420 326 100 3443 984 536 1846 397 526 9815 2
1 232 33 79 553 860 129 355 333 1135 245 413 57 68 98 445 1648 9815 2
1 86 100 723 812 9828 4896 257 9828 88 1243 585 692 57 257 9815 2
1 62 300 176 919 1422 628 342 216 536 141 1146 1051 67 9815 2
1 525 229 27 194 567 36 288 327 9886 3017 786 459 57 107 1057 2228 229 93 107 165 9867 2
1 3819 223 112 720 931 93 19 639 599 187 19 9828 55 19 36 180 2423 431 9815 2
1 199 1418 816 295 334 565 1238 764 711 140 660 218 9815 2
1 62 55 264 1455 312 36 149 690 328 1146 1051 98 141 141 160 1443 1209 9815 2
1 411 954 585 128 33 79 935 1096 351 1965 200 9828 2499 351 36 200 9815 2
1 1342 181 279 450 116 115 171 624 1693 9815 2
1 5701 362 526 94 179 54 52 308 278 431 296 36 718 173 9815 2
1 2941 397 1105 100 812 9828 3290 772 3500 6926 9941 3290 583 686 9828 907 98 6 9815 2
1 341 201 27 75 141 1075 316 112 101 67 9815 2
1 62 2436 9828 296 504 718 67 9828 195 488 290 9815 2
1 701 236 27 44 82 541 3026 3181 159 4816 13 325 364 134 1664 9867 2
1 199 75 1004 292 433 1371 200 112 369 9815 2
1 411 1000 291 57 66 273 1300 42 419 2159 106 1620 664 837 2
1 62 160 581 595 195 976 245 467 67 9815 2
1 163 135 19 36 367 800 944 533 98 4503 307 9815 2
1 913 256 308 154 100 1991 1326 57 27 1722 430 57 36 582 958 547 9815 2
1 44 79 883 369 82 707 627 57 55 9941 2
1 465 146 147 330 114 66 149 128 55 596 143 97 54 52 9815 2
1 232 117 290 269 518 257 1158 390 99 1044 1545 42 1078 290 318 9815 2
1 328 66 101 128 7732 75 123 2
1 871 27 19 9828 54 52 33 367 924 1346 1505 245 435 9815 2
1 86 194 856 987 36 669 683 470 9815 2
1 2796 181 431 67 148 300 2707 677 181 431 176 441 9815 2
1 1514 36 243 668 197 777 451 9828 86 290 327 9828 236 162 67 143 466 147 201 9867 2
1 62 233 201 9828 60 19 36 445 397 44 1426 1537 188 1537 143 9815 2
1 660 218 19 637 896 451 358 302 255 107 276 2
1 118 52 75 84 141 160 101 97 581 595 9815 2
1 3551 378 1823 95 383 44 79 663 533 82 9815 2
1 86 96 935 330 114 69 495 1044 598 1277 3650 328 125 493 9815 2
1 235 19 485 523 1160 176 441 386 365 1797 129 314 167 354 447 9815 2
1 163 54 148 820 1244 36 180 431 9867 2
1 62 183 336 255 129 84 101 60 19 422 3026 1663 557 9815 2
1 2318 77 88 137 69 68 96 520 403 93 60 19 1632 2395 905 44 117 1632 1676 9815 2
1 1524 596 1812 442 57 68 785 249 2
1 1910 277 143 248 336 9815 423 33 331 264 121 9815 2
1 203 19 332 457 1358 9828 3321 3204 77 772 300 176 140 764 2601 9815 2
1 62 68 314 94 204 68 75 286 292 160 432 9815 2
1 118 27 194 69 284 1195 143 188 249 2
1 163 77 60 33 680 234 1414 19 44 33 739 430 197 9815 2
1 199 167 27 314 1171 55 42 27 44 79 33 180 9815 2
1 86 539 204 69 137 487 209 107 276 453 492 82 216 738 752 943 9815 2
1 1107 1433 9828 237 125 1001 997 170 9828 348 1001 443 996 248 470 170 160 9815 2
1 2686 556 459 148 335 880 1146 1051 9815 2
1 525 19 27 539 95 9886 106 3572 300 176 69 1072 649 4878 9815 2
1 1577 378 176 9828 69 68 449 129 323 378 1122 893 9815 2
1 341 201 99 589 674 19 393 441 883 82 19 66 866 393 57 66 101 589 674 9815 2
1 440 68 915 66 485 1420 67 9828 440 68 44 752 545 88 33 66 121 9815 2
1 4358 296 2132 2136 295 209 9828 19 1812 442 106 7189 200 286 972 992 837 2
1 118 44 790 3233 3389 97 1019 2
1 6013 8810 1559 970 140 626 8484 1467 147 116 1202 2549 390 3849 8721 9815 2
1 118 52 33 79 386 365 99 1807 316 9815 2
1 86 123 9886 106 2831 207 542 130 9828 419 107 165 482 2
1 27 147 60 129 1457 2931 243 2699 971 1642 572 57 107 1607 798 4797 7293 1672 4479 9827 9815 2
1 1382 181 358 233 55 799 546 1803 445 9815 2
1 199 100 488 886 367 128 9815 62 55 272 962 9815 2
1 1018 27 711 97 95 478 204 106 899 75 1498 82 355 2809 1238 764 350 9864 2
1 42 101 60 472 526 94 521 36 420 565 107 1607 2
1 1792 646 328 68 386 365 873 813 57 36 572 416 1515 926 19 179 165 9867 2
1 1893 488 290 195 526 94 98 358 835 9815 2
1 4003 1664 608 57 54 52 187 100 612 334 1192 9815 2
1 62 403 69 68 146 201 9828 248 68 117 1579 514 406 593 197 188 9815 2
1 171 579 1173 67 19 2215 1173 57 36 485 1253 209 952 9815 2
1 86 123 106 3571 201 9828 696 256 272 2703 698 837 2
1 2318 200 369 9828 54 27 75 309 112 410 495 9815 2
1 1540 77 33 332 286 336 255 209 107 276 67 9815 2
1 315 680 60 19 233 2480 27 472 974 97 54 27 478 159 1281 1333 9815 2
1 235 19 2097 351 176 441 97 1558 123 628 781 57 27 9815 2
1 315 82 66 524 1311 67 734 117 19 101 481 652 236 9867 2
1 597 218 54 52 44 187 974 82 345 1471 128 277 33 79 750 82 54 9815 2
1 62 9828 55 181 99 772 449 129 27 541 2507 94 129 68 33 79 308 154 55 9815 2
1 62 27 308 54 3291 135 44 117 19 36 99 1807 316 9815 2
1 2853 1007 89 3858 2452 9886 73 9837 51 794 1459 57 628 392 2
1 613 639 1273 332 970 8112 8033 2573 9897 75 970 88 250 218 42 967 932 9815 2
1 3164 488 290 98 367 800 545 209 348 1146 1051 170 125 590 2
1 423 117 33 36 77 1996 148 1498 419 236 482 2
1 62 101 273 84 19 830 97 66 180 1285 84 536 535 97 273 9815 2
1 317 194 408 94 846 77 675 57 257 9815 2
1 2352 538 552 744 1820 1393 726 1249 57 3647 9072 2
1 750 1573 57 2776 4024 421 852 269 290 1196 648 547 9815 2
1 702 114 278 77 9815 106 7010 77 863 817 9815 2
1 897 94 60 19 332 32 1236 535 386 365 1488 9815 2
1 317 1083 1290 269 662 9828 3035 295 977 1305 9828 1208 975 424 318 9815 2
1 235 19 172 598 54 52 117 500 233 445 424 669 9815 2
1 597 218 9828 278 149 322 229 1857 170 2
1 2262 2258 1330 565 200 2413 188 427 732 438 537 9815 2
1 5070 2459 281 797 542 711 288 289 112 6121 3359 9826 1056 100 1003 406 44 435 634 9815 2
1 86 141 1258 1650 233 3097 2256 57 27 44 390 1490 435 9941 2
1 62 68 146 112 1323 93 36 413 524 82 663 738 9815 2
1 1458 441 1638 937 295 334 248 19 66 289 1387 2773 740 245 9815 2
1 341 201 27 100 178 530 865 2281 296 1320 67 373 141 727 373 350 27 1252 172 60 9815 2
1 2505 329 2646 220 2555 541 14 1427 98 2478 2
1 62 54 27 75 743 4336 328 385 292 4453 9828 626 9334 542 9815 2
1 203 19 821 3379 954 585 57 284 772 106 1355 412 837 2
1 913 256 123 204 9886 106 9866 9855 466 966 1019 129 300 69 2052 4437 4666 159 779 681 719 9815 2
1 86 123 106 9821 113 2088 172 98 141 1463 77 249 2
1 233 201 410 495 19 33 160 593 503 57 823 938 296 141 160 183 170 114 686 2495 2
1 1524 1720 557 733 673 57 396 393 9815 2
1 2569 902 831 36 493 9815 913 52 408 154 36 172 1532 4464 57 4233 283 9808 357 5208 913 52 379 55 2
1 7025 9886 411 1130 397 93 107 67 148 727 1667 1736 997 94 352 700 452 9815 2
1 1458 441 9828 1261 187 848 308 179 154 429 60 234 875 9815 2
1 86 154 55 141 481 42 44 1437 2067 1019 403 194 422 625 9815 2
1 1626 656 68 96 33 36 323 463 362 2
1 235 19 183 68 84 1600 9941 68 2206 95 9815 2
1 235 19 363 382 767 9828 69 68 167 540 2
1 3155 9820 679 706 3516 909 9827 9886 4269 94 1240 604 42 1632 128 44 237 1137 1314 4323 431 2
1 62 660 218 308 2487 9828 44 675 1302 590 165 9815 2
1 232 33 66 1109 269 518 651 1550 1746 474 1399 1268 100 812 9815 2
1 62 66 180 67 96 286 930 1418 816 9815 2
1 42 284 123 204 9828 107 540 9828 278 431 88 332 286 383 33 36 99 1303 342 2
1 2033 3155 4351 9886 929 560 9815 6168 4967 9886 929 560 9815 2
1 199 187 84 97 68 1179 1498 66 936 934 812 9815 2
1 426 121 96 461 94 179 354 447 234 3802 2084 9867 2
1 305 277 1332 802 1419 57 54 52 248 236 9867 2
1 834 27 96 97 69 68 380 826 487 286 2
1 851 891 148 1682 3616 27 367 452 129 84 101 488 290 9815 2
1 118 27 921 33 36 452 2160 292 8124 9815 2
1 62 60 362 19 101 128 27 181 99 194 649 593 159 747 401 9815 2
1 597 218 9828 331 264 112 291 3047 19 9828 291 3047 181 99 2137 990 128 44 237 147 942 140 9815 2
1 341 107 9828 27 75 224 720 216 956 2352 7024 1822 912 2
1 86 96 44 2594 159 60 503 2066 42 1834 1710 57 263 257 2
1 2569 94 147 1160 9828 68 33 79 154 66 1219 243 54 27 75 757 776 9815 2
1 315 443 868 432 209 359 642 96 355 333 9867 423 36 432 165 9815 2
1 1458 441 19 36 1507 1830 1516 1358 99 9828 2
1 423 117 19 777 1053 9828 398 777 2100 459 263 257 369 1460 715 9815 2
1 315 36 420 9828 284 314 483 84 1145 4 45 715 97 36 77 68 33 79 154 1402 9815 2
1 522 278 162 793 1318 93 201 248 33 117 398 44 9867 2
1 118 27 33 739 430 84 162 60 98 659 1116 505 9815 2
1 118 27 1005 88 36 485 1213 1820 209 572 1216 2505 1041 9811 100 192 584 6693 1248 9815 2
1 62 95 418 1223 1092 1108 19 106 1623 9910 710 542 249 2
1 897 793 743 1937 345 1926 88 107 276 250 1320 9815 2
1 525 229 9828 27 472 1337 5378 571 7955 964 9828 348 747 60 27 143 94 761 9815 2
1 118 52 308 154 36 172 176 930 9815 163 55 135 9815 2
1 232 33 79 290 274 94 902 874 1206 67 9815 2
1 118 27 355 333 739 430 743 598 457 269 57 77 173 9815 2
1 95 96 82 1903 694 450 66 140 1892 93 106 898 3743 5297 8 714 106 2106 106 6393 9864 2
1 305 9828 54 52 167 121 112 69 413 524 1146 474 9867 2
1 62 66 634 67 505 365 295 9828 1434 708 9828 66 431 79 33 628 985 9815 2
1 235 19 36 1991 1789 79 2205 97 69 587 140 630 147 941 529 9815 2
1 1313 390 75 683 767 99 94 656 57 36 140 1499 1329 1070 172 9815 2
1 62 27 9828 255 519 9828 140 1661 286 296 1029 60 2
1 62 66 172 1420 1268 587 587 812 263 19 172 666 9815 2
1 1920 351 183 55 709 269 19 68 300 176 98 36 954 585 1543 9815 2
1 86 75 622 146 60 19 36 288 327 44 216 342 2
1 1349 369 54 52 44 167 204 1213 1321 44 187 84 910 1231 308 9815 2
1 7733 4278 4451 75 44 234 300 403 44 33 716 2683 399 274 9815 2
1 1411 256 33 79 19 243 1046 399 700 452 618 791 323 255 88 636 854 209 107 276 9815 2
1 199 713 147 1332 52 187 237 66 510 470 3202 9815 2
1 163 224 260 593 4 704 272 99 19 716 412 561 9815 2
1 411 365 763 539 1010 4473 787 1275 857 141 481 9941 86 141 398 489 55 9815 2
1 465 621 66 323 412 112 224 216 19 57 944 54 52 9815 2
1 782 60 27 290 327 9828 216 397 165 19 2701 1750 42 216 397 165 19 2405 354 9867 2
1 86 141 855 179 314 154 257 167 257 408 94 288 500 483 9815 2
1 62 101 60 33 79 181 279 342 183 2030 530 1191 178 443 996 100 66 432 255 382 2
1 6269 79 9828 36 1001 7526 1128 1180 418 19 3652 1588 877 1756 490 9814 9815 2
1 317 148 553 860 408 183 757 776 143 413 524 572 197 9815 2
1 5053 300 176 5613 657 159 66 200 592 9909 9877 369 1270 3094 9828 2
1 106 6181 9827 9803 562 3786 9820 619 106 2216 36 345 737 668 197 1750 412 9815 2
1 525 9828 403 68 1199 36 180 1094 2697 180 9828 55 96 141 5697 545 88 93 207 9815 2
1 62 54 52 330 316 245 503 112 66 121 526 94 98 216 536 9815 2
1 1309 60 54 27 1431 1327 36 183 919 583 9815 2
1 317 44 878 308 66 172 690 291 128 100 530 170 88 1795 290 3244 2
1 75 390 967 764 9828 419 256 75 300 176 347 154 644 170 9815 2
1 118 82 418 19 69 1165 749 9815 2933 1569 19 431 79 685 437 236 9815 2
1 118 27 327 9828 106 9890 9844 112 36 420 128 68 489 573 97 77 173 249 2
1 423 33 460 771 165 19 234 140 1661 9815 2
1 315 66 306 950 1221 599 1338 823 821 255 382 128 68 229 296 9815 2
1 456 33 318 204 273 96 224 216 98 391 729 67 9867 2
1 118 52 237 117 553 860 93 107 129 454 519 332 1094 1636 67 9815 2
1 315 77 75 123 2415 1710 33 79 531 77 9815 2
1 232 167 540 9828 77 3480 574 675 140 278 1505 948 88 700 452 2
1 235 19 416 363 27 415 879 84 162 9828 612 114 179 187 19 97 895 4986 243 1010 377 9815 2
1 118 27 195 33 1118 3705 416 412 57 257 9815 2
1 86 194 154 292 236 3291 68 187 123 201 9867 525 19 44 790 9815 2
1 905 792 44 474 98 2616 823 1267 165 9815 2
1 2239 397 60 3696 143 9815 1893 107 67 493 165 195 461 94 9815 2
1 62 69 1481 96 33 964 2309 1472 42 69 2132 67 129 1147 1400 410 1114 9815 2
1 199 44 117 19 98 628 398 359 9815 2
1 62 334 60 54 27 327 95 380 95 347 154 972 992 93 107 165 9867 2
1 163 179 68 84 107 9828 68 96 44 408 154 149 128 68 673 836 9815 2
1 118 52 194 82 1021 713 42 286 332 286 3459 2194 9815 2
1 1036 1163 125 590 785 9815 2
1 86 1490 2255 318 412 159 288 327 9828 292 236 44 9867 2
1 961 27 683 669 97 69 68 154 162 720 397 96 93 107 165 88 9429 3344 9815 2
1 62 980 2520 1105 195 33 66 627 659 60 9815 2
1 232 146 121 42 347 154 121 112 643 392 67 9828 112 77 581 595 67 9867 2
1 611 66 335 390 9828 27 478 278 77 895 1572 112 863 817 9815 2
1 913 418 69 377 518 159 129 454 519 36 427 331 264 2
1 62 55 187 386 365 109 9897 1004 292 129 488 474 1331 556 628 430 433 218 9815 2
1 135 19 66 121 54 27 148 1023 813 88 978 67 292 406 197 9815 2
1 62 135 19 36 88 66 958 547 57 54 27 9815 2
1 163 84 236 54 84 82 101 60 9867 2
1 1501 328 27 519 382 147 682 1162 805 9828 42 19 1663 557 2
1 203 19 183 128 369 218 69 593 503 875 2023 75 82 436 538 9815 2
1 235 19 416 363 54 27 245 503 147 554 9892 9901 9864 2
1 4797 9194 42 6066 7434 276 1322 1130 397 4029 9932 5245 7150 511 9808 1149 9846 2
1 2665 9698 9886 246 549 466 966 9867 1211 514 9828 449 97 27 167 183 68 2710 1087 2121 2
1 1131 117 1490 2483 1373 1601 42 422 625 2471 9910 9824 923 872 1178 9815 2
1 86 44 97 204 101 60 19 474 416 9815 2
1 232 33 79 148 327 288 327 60 9886 292 236 27 117 245 503 367 905 9867 2
1 60 44 117 19 101 148 526 94 2
1 232 187 33 79 1633 125 1471 292 125 354 467 9815 2
1 638 75 645 143 98 1486 286 583 472 9815 2
1 235 19 36 216 397 57 36 77 605 19 1702 9901 679 1381 9954 5059 42 1702 9903 2548 1276 9954 706 603 1781 9815 2
1 62 68 277 33 66 149 93 107 67 9828 1152 810 9831 9816 2546 9815 2
1 5700 2806 159 77 336 84 101 336 249 2
1 118 52 75 84 330 114 66 149 60 93 107 165 9867 2
1 2145 234 784 1771 460 352 9828 3911 9 9860 326 9828 635 75 460 352 2020 4290 9815 2
1 554 9886 5598 9815 2
1 118 52 1171 69 587 1088 93 107 165 9867 756 180 1088 33 463 19 121 9867 2
1 7921 531 67 82 746 1071 450 907 523 9815 2
1 315 2261 968 243 362 100 135 612 1126 2350 422 628 9815 2
1 456 123 9828 106 2831 33 194 648 1218 55 296 1029 970 552 4424 44 482 2
1 232 33 331 264 437 2892 107 179 188 915 172 4991 681 903 9815 2
1 62 66 2776 396 608 9828 398 593 503 826 487 19 66 918 1089 767 471 346 18 9832 9815 2
1 469 9822 32 9833 159 1200 9828 97 1200 571 123 9815 2
1 5703 916 1413 854 706 9816 281 1779 9817 195 33 100 135 9815 2
1 232 197 82 9828 140 176 9828 36 801 602 128 68 44 443 218 167 369 812 9815 2
1 232 33 154 44 9867 2161 982 60 19 121 9867 2
1 5814 700 452 75 355 333 833 815 57 77 863 817 9815 2
1 235 19 795 416 414 399 713 57 1570 2392 9815 2
1 1074 663 2776 33 117 589 2711 19 1807 316 9867 2
1 62 27 75 146 9828 847 1020 19 9828 54 27 84 336 170 107 2
1 86 33 36 180 1088 9815 86 194 167 183 827 55 9815 2
1 163 162 408 939 195 1019 447 4876 131 42 68 237 716 424 669 9815 2
1 6550 9828 403 101 60 461 94 248 54 52 96 33 36 873 515 905 9867 2
1 765 2772 919 4865 19 941 3275 583 472 19 521 881 3099 2
1 86 44 292 506 236 54 52 143 117 3404 77 93 107 67 9815 2
1 1211 179 69 68 500 483 9828 449 380 648 351 346 67 9815 2
1 1518 659 57 257 96 44 355 333 9815 2
1 152 676 499 9806 3227 1672 507 123 9828 284 256 123 106 899 96 743 332 330 114 233 537 9864 2
1 929 1116 718 312 457 269 9828 181 99 718 312 99 457 269 2
1 163 233 55 44 167 288 500 483 9828 55 44 79 820 1073 68 9815 2
1 834 95 194 188 1444 2022 100 36 432 15 2628 7480 42 95 194 717 147 60 9815 2
1 597 218 9828 359 33 79 1911 804 55 33 79 784 1531 9815 2
1 152 201 68 33 79 539 1004 916 865 42 274 94 1084 486 9815 2
1 232 33 79 5008 921 114 3708 9828 1932 2622 9828 42 1439 3725 88 1188 852 57 55 9815 2
1 118 52 33 79 386 365 54 173 385 9815 2
1 1787 316 9828 44 429 1115 573 147 8143 342 183 471 474 654 9815 2
1 1614 635 75 1158 390 2897 808 653 459 36 1156 427 200 369 9815 2
1 2905 674 9828 1274 3994 42 793 506 195 44 82 820 1073 997 2783 9815 2
1 86 75 750 1122 97 628 1053 799 269 57 257 9815 2
1 339 762 531 173 735 1988 69 758 388 173 385 2
1 913 2159 1165 234 97 27 167 419 2159 445 1828 98 27 9815 2
1 199 44 167 68 934 1662 82 55 1352 172 121 9815 2
1 118 27 75 731 744 291 981 197 57 485 5618 159 744 291 981 197 57 3663 2
1 62 95 123 106 1355 33 276 1037 9828 44 33 276 1037 249 2
1 118 52 84 229 659 355 107 97 2029 82 84 140 474 659 1133 2377 9815 2
1 62 686 654 67 367 351 572 497 19 112 1319 585 2
1 1277 378 911 88 137 60 147 140 1255 642 9815 2
1 913 33 79 661 330 114 988 573 540 129 915 890 6020 9815 2
1 62 172 27 84 19 123 98 278 77 9828 106 1659 52 649 593 159 101 121 9867 2
1 305 248 101 67 740 245 121 312 331 264 430 510 9867 2
1 2047 9815 305 278 77 146 515 1824 2330 19 1044 9815 2
1 1514 528 376 149 121 9815 1945 535 33 79 596 52 312 60 9815 2
1 341 107 27 96 44 500 483 288 327 67 508 9815 2
1 106 3738 36 335 2324 336 698 170 5298 141 481 9828 476 44 9867 2
1 86 167 60 19 36 1332 5013 4855 9815 163 1163 67 1024 112 429 367 905 9867 2
1 86 75 744 1410 354 447 129 460 224 707 627 9815 2
1 118 33 160 467 982 98 668 197 662 345 9815 2
1 232 33 79 154 273 256 148 18 85 997 566 117 779 176 42 2702 295 369 9815 2
1 232 33 79 308 154 378 779 57 964 2309 582 2414 209 643 392 67 9815 2
1 235 19 200 4742 2040 2
1 163 60 44 117 19 288 289 128 1813 388 82 478 9815 2
1 1524 2904 1634 410 931 121 112 410 495 67 9815 2
1 1186 256 1340 314 55 209 7517 1063 415 57 5984 4371 209 41 9856 9856 1651 200 2089 369 9815 2
1 4894 573 1089 1071 42 1875 836 42 556 2164 204 101 121 60 96 461 94 9867 2
1 782 60 9828 54 52 33 79 380 289 121 461 94 2
1 62 2244 771 9828 181 659 2244 771 19 121 9867 2
1 769 107 27 519 382 147 60 42 715 3341 19 36 77 935 433 9815 2
1 118 33 66 936 4470 758 358 9828 42 141 245 435 97 54 52 179 2273 1455 159 9815 2
1 3334 1183 116 1202 89 9886 458 586 535 342 1403 1393 681 373 1317 657 44 237 1199 2996 2
1 315 1939 1239 2082 165 1619 1970 330 114 66 101 67 1421 621 98 653 406 44 9867 2
1 1132 160 1191 1298 995 100 779 2196 1658 4322 824 57 565 1856 1298 9815 2
1 62 27 194 123 204 1743 57 54 52 19 553 860 355 333 278 149 9815 2
1 118 27 33 79 1474 112 66 1165 883 362 9815 2
1 199 33 100 1207 1312 3969 9815 2
1 62 27 146 27 33 79 1504 3392 54 52 204 54 52 33 245 503 9815 2
1 77 52 187 237 489 628 1053 129 4 6490 9815 2
1 315 36 964 433 100 642 82 418 19 5793 9815 2
1 3596 149 651 248 418 19 243 137 651 9815 4150 128 9828 60 19 289 1740 316 249 2
1 315 367 452 302 97 1133 42 359 3598 2349 159 780 334 433 1882 9815 2
1 118 27 300 176 98 36 892 635 3037 9828 418 19 12 119 9806 9814 490 1344 119 710 9815 2
1 1106 237 27 408 94 36 183 415 1519 173 129 84 149 536 535 128 27 194 9815 2
1 86 194 69 68 951 547 99 2859 1298 57 79 123 9815 2
1 152 69 68 33 79 154 209 351 346 67 9828 2382 453 19 635 359 997 302 255 107 276 9815 2
1 339 88 66 288 289 93 107 27 75 181 279 112 677 5668 952 1240 2204 9815 2
1 2163 9886 163 33 636 518 165 1125 1525 1120 44 9867 2
1 317 75 1301 620 42 308 159 643 599 352 2133 9815 2
1 756 183 165 68 436 538 172 2787 60 9867 2
1 317 237 355 333 457 564 342 66 183 165 60 9815 2
1 27 97 1686 2025 159 9828 42 27 1804 1038 60 159 3029 2585 9815 2
1 37 631 187 19 36 378 57 1335 457 397 9815 2
1 929 560 9815 929 560 69 68 141 160 9815 2
1 871 1209 204 68 33 79 506 82 292 236 345 662 84 162 9828 734 1037 9815 2
1 5928 1389 6819 1008 2574 9804 88 345 737 200 3126 106 9876 1760 2001 9864 2
1 1769 27 188 9828 528 711 19 429 9828 54 52 383 437 385 100 545 88 9815 2
1 317 44 146 60 19 618 711 9828 348 2651 931 88 3442 143 937 2202 9815 2
1 1453 1102 9817 9886 55 323 2892 172 68 154 88 1246 9815 2
1 62 263 233 107 391 729 585 8839 19 36 2012 634 129 84 101 60 9815 2
1 86 362 106 6408 9828 284 67 148 1346 1367 178 9828 257 195 1346 296 622 249 2
1 106 4093 180 697 23 417 952 33 598 443 868 100 1393 653 2298 499 2625 159 200 1819 9909 9917 482 2
1 235 19 744 291 567 471 520 295 895 2
1 411 1092 1108 128 3042 601 148 1125 1915 44 117 19 36 331 264 589 674 9828 793 1687 9815 2
1 203 19 36 791 2139 75 82 1913 1293 129 874 736 98 571 16 1264 418 520 9815 2
1 2871 732 1840 9828 36 137 573 44 470 159 1197 1462 6547 2
1 1203 2361 362 263 19 180 77 272 57 27 9828 1203 27 424 862 9828 7064 566 209 176 9815 2
1 192 2733 5063 9886 2263 588 42 99 1647 1937 57 4344 3050 2
1 62 27 75 3606 1229 1615 36 183 44 1179 194 9828 348 75 82 415 731 667 713 2
1 1855 260 67 19 54 52 44 79 234 5028 1441 98 410 495 9815 2
1 62 162 910 2281 99 859 173 459 94 19 66 355 333 33 393 519 382 9828 2
1 62 95 33 79 2095 919 125 183 583 1656 9815 2
1 555 27 123 101 121 60 248 957 42 662 57 68 96 874 1206 143 9815 2
1 2200 435 170 9828 135 272 99 19 36 331 264 302 2
1 232 33 79 412 561 82 224 495 44 9867 2
1 163 54 52 453 492 790 1231 9815 62 44 33 1752 176 833 165 97 841 101 60 9815 2
1 62 100 107 1057 2228 9828 54 52 195 237 84 125 101 488 290 93 201 9815 2
1 1018 248 236 9867 2
1 62 27 141 1414 435 497 621 333 60 9815 2
1 203 19 66 791 1680 7063 684 9808 923 9910 2975 9815 2
1 1211 60 9828 54 52 44 878 506 112 99 1175 829 1471 57 677 697 2326 1487 1479 9815 2
1 62 135 263 19 1564 603 876 3110 1131 6616 9815 929 560 69 68 9815 2
1 1628 33 429 60 683 767 66 121 75 42 148 461 94 98 68 9815 2
1 845 529 2228 9828 27 523 486 720 640 953 67 100 2436 9815 2
1 1107 384 1070 9828 36 1300 1088 210 3562 75 314 1027 36 581 595 19 106 6510 3193 106 2106 106 3764 2779 837 2
1 5554 96 44 1098 98 2620 803 284 165 114 249 2
1 118 27 33 77 1288 295 703 9828 33 77 1972 703 2253 9815 2
1 638 75 123 9828 1203 1203 62 107 19 9828 354 447 2818 188 54 52 302 295 350 1173 224 9815 2
1 3964 8132 856 987 69 436 538 1134 367 2
1 192 9820 9842 5210 3873 1956 606 9886 756 236 129 2322 1384 243 1100 746 2
1 522 33 36 722 438 1283 117 331 264 121 9828 54 27 96 408 36 1186 9828 2
1 6013 1656 57 68 934 94 659 67 19 36 378 57 874 736 98 2154 1274 9815 2
1 69 68 33 773 874 736 57 278 77 44 9867 2
1 676 283 2440 83 215 9886 2990 1057 772 66 101 54 52 167 2
1 1211 514 54 27 846 382 414 716 495 916 96 717 147 2
1 163 27 195 117 949 1163 263 257 9815 2
1 411 121 68 237 19 408 506 77 52 194 121 42 559 95 149 95 237 9815 2
1 42 68 33 79 1301 620 9815 3014 5139 734 1037 2
1 86 194 123 204 9828 101 60 272 466 318 9815 2
1 341 107 54 27 75 84 391 729 67 9828 42 135 19 36 88 69 984 1360 57 391 729 9815 2
1 210 220 119 3155 2001 283 9886 106 4560 1261 661 188 816 3840 6110 57 27 9864 2
1 203 19 125 1335 1515 926 3459 3386 3359 133 4444 1840 9941 660 218 55 33 598 1961 9931 3503 2
1 86 963 273 256 100 279 406 813 300 976 100 7999 9815 2
1 1292 19 351 675 27 1652 1911 88 980 57 2827 9811 2
1 991 135 19 391 729 646 328 57 54 27 100 83 4585 2
1 522 68 33 1665 99 100 143 209 6732 74 9828 195 848 1415 9815 2
1 163 123 147 460 224 9828 60 19 36 536 535 2
1 55 82 1249 365 450 233 180 77 386 365 55 42 55 82 274 94 979 97 180 77 9815 2
1 118 52 9828 229 9828 112 468 719 1299 9828 1593 410 322 224 2516 1030 57 107 276 9815 2
1 8141 171 9820 1102 9886 1916 552 290 1218 57 1447 2
1 232 167 540 9828 77 2213 141 1805 112 216 536 9815 2
1 991 135 19 98 1496 9931 628 811 209 176 9815 2
1 62 69 180 5390 180 82 1171 1724 148 666 209 306 744 302 100 125 137 432 9815 2
1 86 96 187 559 94 97 68 36 755 223 450 354 447 75 1418 24 417 1019 350 9815 2
1 305 66 121 927 1369 101 67 9828 42 54 52 33 79 84 121 9867 2
1 1801 233 970 2076 98 396 1649 9828 54 52 237 197 129 2076 98 396 1649 9815 2
1 1590 367 351 9828 54 27 84 162 67 328 5065 88 160 764 9815 2
1 756 236 413 777 451 33 79 859 147 107 9867 2
1 2231 898 2968 329 714 1513 9886 8553 9828 36 413 524 2273 1455 1323 441 617 100 1255 1035 9815 2
1 1968 176 833 700 452 9886 235 19 36 1443 1209 604 414 9828 476 44 9867 2
1 426 60 272 19 481 1459 97 488 886 57 1245 433 44 875 2023 9815 2
1 1590 468 355 333 88 263 657 9828 95 75 596 147 69 332 599 1345 637 896 9815 2
1 118 27 300 176 1130 397 762 531 42 422 625 329 3500 4815 9941 307 159 200 7622 2
1 2578 386 68 148 380 1027 216 342 97 813 1062 67 9815 2
1 1107 367 452 112 451 358 9828 55 33 79 708 147 66 621 459 302 1365 2
1 2352 538 187 19 36 378 57 352 345 445 397 9815 2
1 315 179 165 95 559 97 27 66 819 346 42 291 1009 129 27 1820 647 9867 2
1 179 33 99 621 333 290 316 901 94 450 1822 3432 9828 450 2985 49 158 884 9815 2
1 2048 510 2589 2120 195 300 176 726 9828 450 54 379 520 890 9815 2
1 426 481 652 112 786 459 197 19 429 195 33 79 181 279 82 55 9815 2
1 163 179 27 123 112 284 9828 263 19 27 123 112 114 384 1823 95 93 19 36 1118 9815 2
1 86 44 123 54 52 140 541 1157 1204 620 302 9828 1372 2051 9815 2
1 62 273 256 123 107 67 9886 1203 1203 2631 9828 348 273 44 1798 342 1880 82 9936 1203 1203 2
1 423 429 167 731 424 318 121 112 273 52 326 114 9815 2
1 232 314 82 390 27 9828 2303 1863 334 27 33 36 485 248 9811 249 2
1 701 236 273 143 559 66 643 291 67 295 482 2
1 118 52 33 66 243 216 536 1393 236 9815 2
1 411 485 1420 67 445 5858 13 310 9815 2
1 782 60 95 328 969 188 42 95 799 546 895 566 257 295 42 703 9815 2
1 203 19 420 176 441 209 1902 952 780 1230 1643 1675 9815 2
1 114 457 749 148 1580 779 852 27 9815 2
1 4064 109 2973 2974 89 9886 307 496 528 523 2
1 1187 250 19 323 412 112 162 757 776 36 907 523 97 377 518 2
1 1131 237 553 331 97 95 9828 2206 95 84 162 9815 2
1 86 682 4479 100 125 1072 682 468 907 523 640 683 982 2481 4287 1968 800 274 2
1 42 66 180 1285 2467 767 33 79 33 740 245 9815 2
1 152 201 9828 54 52 33 79 661 351 873 42 84 66 162 398 193 140 60 9815 2
1 555 55 1531 9828 178 302 57 495 916 79 279 178 302 57 601 137 9815 2
1 2647 1655 277 19 677 799 1431 850 255 88 330 114 69 677 269 431 33 1878 9815 2
1 86 96 123 98 69 68 183 709 269 57 55 9815 2
1 86 308 94 964 2309 42 154 36 1156 902 1692 57 813 1845 9815 2
1 86 147 140 406 451 358 128 9828 60 19 66 121 128 54 27 84 2
1 3084 2283 27 1422 390 36 1051 655 141 1543 2
1 3056 88 737 9886 106 9894 9831 1395 9446 49 1396 5298 36 345 737 481 652 2
1 834 135 1261 97 204 27 859 9828 750 33 66 107 713 255 382 9815 2
1 426 60 954 1570 27 1058 784 1334 896 60 9815 2
1 86 194 55 322 224 99 3667 14 103 88 359 642 9815 2
1 315 79 123 19 141 930 656 9815 2
1 86 194 69 68 2588 566 804 2311 566 129 380 429 1024 107 413 165 1169 9867 2
1 62 296 27 54 52 44 33 806 1860 538 129 386 365 514 727 255 33 79 2
1 41 9815 9894 9815 4089 203 19 36 332 123 289 27 141 194 82 123 415 433 218 523 1160 9815 2
1 62 44 33 121 1075 316 179 55 574 279 88 2998 1718 7888 57 1542 8795 3296 9815 2
1 2262 2256 9828 639 599 9815 3255 93 54 33 740 245 312 385 9815 2
1 339 7225 805 806 273 3443 1423 7 577 1274 690 468 68 96 19 592 9923 246 9938 9827 9815 2
1 62 399 55 295 4478 9828 42 54 52 33 1819 914 9815 2
1 305 248 651 288 327 27 194 979 97 69 68 9815 2
1 62 55 82 559 2136 703 564 1658 9815 2
1 116 371 1740 653 19 125 485 628 1053 424 669 1740 653 413 524 424 137 2
1 9493 711 143 36 288 289 98 66 291 1123 347 1116 2
1 1893 67 272 99 618 802 9815 199 19 342 683 112 162 54 52 75 1129 1217 2
1 62 9828 954 585 75 82 574 351 159 764 5813 9828 42 2773 33 162 121 44 398 461 94 9815 2
1 991 930 27 362 489 1304 172 346 60 249 2
1 411 216 536 137 67 148 44 187 392 849 312 216 162 1365 269 716 1926 2
1 68 33 79 154 821 255 57 1802 862 49 1121 3052 2
1 555 36 722 438 1431 1327 93 27 9828 291 93 55 44 237 117 6 3118 1589 1492 476 44 1528 9867 2
1 62 55 1696 93 148 553 860 520 180 4325 628 9815 2
1 2933 19 1340 314 483 264 574 42 757 776 209 55 9828 123 106 3343 9828 42 837 2
